Logging ModelMunge
11:25:5804/13/20
Mesh: gunship_chunk1
Model wing_L_chunk
Model wing_turret_1
Model p_wingchunk
Root wing_L_chunk
Matrix:
1.000000 0.000000 0.000000 0.000000
0.000000 1.000000 0.000000 0.000000
0.000000 0.000000 1.000000 0.000000
0.000000 0.000000 0.000000 1.000000
Name: p_wingchunk
Parent: wing_L_chunk
Matrix:
1.000000 0.000000 0.000000 0.000000
0.000000 1.000000 0.000000 0.000000
0.000000 0.000000 1.000000 0.000000
0.000000 0.000000 -0.209545 1.000000
Name: wing_turret_1
Parent: 
Sibling: p_wingchunk
Matrix:
1.000000 0.000000 0.000000 0.000000
0.000000 1.000000 0.000000 0.000000
0.000000 0.000000 1.000000 0.000000
0.000000 0.000000 0.000000 1.000000
Mesh: gunship_chunk2
Model main_backdoor_L_chunk
Model p_doorchunk
Root main_backdoor_L_chunk
Matrix:
1.000000 0.000000 0.000000 0.000000
0.000000 1.000000 0.000000 0.000000
0.000000 0.000000 1.000000 0.000000
0.000000 0.000000 0.000000 1.000000
Name: p_doorchunk
Parent: main_backdoor_L_chunk
Matrix:
0.488889 -0.872346 0.000000 0.000000
0.872346 0.488889 0.000000 0.000000
0.000000 0.000000 1.000000 0.000000
-0.225806 0.277679 -0.209545 1.000000
Mesh: rep_1st_arctrooper
Model dummyroot
Model bone_shoulders
Model bone_l_forearm
Model bone_l_wrist
Model imp_inf_trooper_l_hand
Model imp_inf_trooper_l_handpad
Model imp_inf_trooper_l_forearm
Model bone_r_forearm
Model bone_r_wrist
Model imp_inf_trooper_r_hand
Model imp_inf_trooper_r_handpad
Model hp_weapons
Model imp_inf_trooper_r_forearm
Model hp_camera
Root dummyroot
Matrix:
1.000000 0.000000 0.000000 0.000000
0.000000 1.000000 0.000000 0.000000
0.000000 0.000000 1.000000 0.000000
0.000000 0.000000 0.000000 1.000000
Name: hp_camera
Parent: dummyroot
Matrix:
1.000000 0.000000 0.000000 0.000000
0.000000 1.000000 0.000000 0.000000
0.000000 0.000000 1.000000 0.000000
0.000000 -0.220000 -0.414500 1.000000
Name: bone_shoulders
Parent: 
Sibling: hp_camera
Matrix:
1.000000 0.000000 0.000000 0.000000
0.000000 1.000000 0.000000 0.000000
0.000000 0.000000 1.000000 0.000000
0.000000 -0.251144 -0.119098 1.000000
Name: bone_r_forearm
Parent: bone_shoulders
Matrix:
-1.000000 0.000000 0.000000 0.000000
0.000000 0.992942 0.118604 0.000000
0.000000 0.118604 -0.992942 0.000000
-0.283090 -0.350589 0.059040 1.000000
Name: imp_inf_trooper_r_forearm
Parent: bone_r_forearm
Matrix:
-1.000000 0.000000 0.000000 0.000000
0.000000 0.992942 0.118604 0.000000
0.000000 0.118604 -0.992942 0.000000
-0.283090 -0.107375 0.035400 1.000000
Name: bone_r_wrist
Parent: 
Sibling: imp_inf_trooper_r_forearm
Matrix:
1.000000 0.000000 0.000000 0.000000
0.000000 0.999011 0.044471 0.000000
0.000000 -0.044471 0.999011 0.000000
0.000000 -0.000000 -0.271097 1.000000
Name: hp_weapons
Parent: bone_r_wrist
Matrix:
-0.977879 0.126706 -0.166426 0.000000
0.099097 0.981328 0.164850 0.000000
0.184206 0.144712 -0.972176 0.000000
-0.008484 0.077870 -0.162355 1.000000
Name: imp_inf_trooper_r_hand
Parent: 
Sibling: hp_weapons
Matrix:
-1.000000 0.000000 0.000000 0.000000
0.000000 0.997234 0.074329 0.000000
0.000000 0.074329 -0.997234 0.000000
-0.283090 -0.093735 0.310940 1.000000
Name: imp_inf_trooper_r_handpad
Parent: imp_inf_trooper_r_hand
Matrix:
1.000000 0.000000 0.000000 0.000000
0.000000 1.000000 0.000000 0.000000
0.000000 0.000000 1.000000 0.000000
0.000000 0.000000 0.000000 1.000000
Name: bone_l_forearm
Parent: 
Sibling: bone_r_forearm
Matrix:
1.000000 0.000000 0.000000 0.000000
0.000000 0.992942 0.118604 0.000000
0.000000 -0.118604 0.992942 0.000000
0.283090 -0.350589 0.059040 1.000000
Name: imp_inf_trooper_l_forearm
Parent: bone_l_forearm
Matrix:
-1.000000 0.000000 0.000000 0.000000
0.000000 0.992942 -0.118604 0.000000
0.000000 -0.118604 -0.992942 0.000000
-0.283090 -0.107375 -0.035400 1.000000
Name: bone_l_wrist
Parent: 
Sibling: imp_inf_trooper_l_forearm
Matrix:
1.000000 0.000000 0.000000 0.000000
0.000000 0.999011 -0.044471 0.000000
0.000000 0.044471 0.999011 0.000000
0.000000 -0.000000 0.271097 1.000000
Name: imp_inf_trooper_l_hand
Parent: bone_l_wrist
Matrix:
1.000000 0.000000 0.000000 0.000000
0.000000 0.997234 -0.074329 0.000000
0.000000 0.074329 0.997234 0.000000
-0.283090 -0.093735 -0.310940 1.000000
Name: imp_inf_trooper_l_handpad
Parent: imp_inf_trooper_l_hand
Matrix:
-1.000000 0.000000 0.000000 0.000000
0.000000 1.000000 0.000000 0.000000
0.000000 0.000000 -1.000000 0.000000
0.000000 -0.000000 -0.000000 1.000000
Mesh: rep_1st_cockpit_ATTE
Model rep_1st_cockpit_ATTE1
Model panelbig2
Model panelbig1
Model repsidewin
Model panel2
Model repsidewin2
Model panel1
Model windshield1
Model bumper3
Model bumper2
Model fx4
Model fx5
Model fx3
Root rep_1st_cockpit_ATTE1
Matrix:
1.000000 0.000000 0.000000 0.000000
0.000000 1.000000 0.000000 0.000000
0.000000 0.000000 1.000000 0.000000
0.000000 0.000000 0.000000 1.000000
Name: fx3
Parent: rep_1st_cockpit_ATTE1
Matrix:
1.000000 0.000000 0.000000 0.000000
0.000000 1.000000 0.000000 0.000000
0.000000 0.000000 1.000000 0.000000
0.000000 0.000000 0.000000 1.000000
Name: fx5
Parent: 
Sibling: fx3
Matrix:
0.998976 -0.045237 0.000000 0.000000
0.045237 0.998976 0.000000 0.000000
0.000000 0.000000 1.000000 0.000000
-0.063840 -0.023564 0.000000 1.000000
Name: fx4
Parent: 
Sibling: fx5
Matrix:
1.000000 0.000000 0.000000 0.000000
0.000000 1.000000 0.000000 0.000000
0.000000 0.000000 1.000000 0.000000
0.000000 0.000000 0.000000 1.000000
Name: bumper2
Parent: 
Sibling: fx4
Matrix:
1.000000 0.000000 0.000000 0.000000
0.000000 1.000000 0.000000 0.000000
0.000000 0.000000 1.000000 0.000000
0.000000 0.000000 0.000000 1.000000
Name: bumper3
Parent: 
Sibling: bumper2
Matrix:
1.000000 0.000000 0.000000 0.000000
0.000000 1.000000 0.000000 0.000000
0.000000 0.000000 1.000000 0.000000
0.000000 0.000000 0.000000 1.000000
Name: windshield1
Parent: 
Sibling: bumper3
Matrix:
1.000000 0.000000 0.000000 0.000000
0.000000 1.000000 0.000000 0.000000
0.000000 0.000000 1.000000 0.000000
0.000000 0.000000 0.000000 1.000000
Name: panel1
Parent: 
Sibling: windshield1
Matrix:
1.000000 0.000000 0.000000 0.000000
0.000000 1.000000 0.000000 0.000000
0.000000 0.000000 1.000000 0.000000
0.000000 0.000000 0.000000 1.000000
Name: repsidewin2
Parent: 
Sibling: panel1
Matrix:
1.000000 0.000000 0.000000 0.000000
0.000000 1.000000 0.000000 0.000000
0.000000 0.000000 1.000000 0.000000
0.000000 0.000000 0.000000 1.000000
Name: panel2
Parent: 
Sibling: repsidewin2
Matrix:
1.000000 0.000000 0.000000 0.000000
0.000000 1.000000 0.000000 0.000000
0.000000 0.000000 1.000000 0.000000
0.000000 0.000000 0.000000 1.000000
Name: repsidewin
Parent: 
Sibling: panel2
Matrix:
1.000000 0.000000 0.000000 0.000000
0.000000 1.000000 0.000000 0.000000
0.000000 0.000000 1.000000 0.000000
0.000000 0.000000 0.000000 1.000000
Name: panelbig1
Parent: 
Sibling: repsidewin
Matrix:
1.000000 0.000000 0.000000 0.000000
0.000000 1.000000 0.000000 0.000000
0.000000 0.000000 1.000000 0.000000
0.000000 0.000000 0.000000 1.000000
Name: panelbig2
Parent: 
Sibling: panelbig1
Matrix:
0.998976 -0.045237 0.000000 0.000000
0.045237 0.998976 0.000000 0.000000
0.000000 0.000000 1.000000 0.000000
-0.063840 -0.023564 0.000000 1.000000
Mesh: rep_1st_cockpit_ATXT
Model rep_1st_cockpit_ATXTcab
Model windowtop
Model dashboard1
Model screenfx5
Model screenfx4
Model screenfx3
Model screenfx2
Model screenfx
Model windowbottom
Model lightingfx1
Model dashboard
Root rep_1st_cockpit_ATXTcab
Matrix:
1.000000 0.000000 0.000000 0.000000
0.000000 1.000000 0.000000 0.000000
0.000000 0.000000 1.000000 0.000000
0.000000 0.000000 0.000000 1.000000
Name: dashboard
Parent: rep_1st_cockpit_ATXTcab
Matrix:
1.000000 0.000000 0.000000 0.000000
0.000000 1.000000 0.000000 0.000000
0.000000 0.000000 1.000000 0.000000
0.000000 0.000000 0.000000 1.000000
Name: lightingfx1
Parent: 
Sibling: dashboard
Matrix:
1.000000 0.000000 0.000000 0.000000
0.000000 1.000000 0.000000 0.000000
0.000000 0.000000 1.000000 0.000000
0.000000 0.000000 0.000000 1.000000
Name: windowbottom
Parent: 
Sibling: lightingfx1
Matrix:
1.000000 0.000000 0.000000 0.000000
0.000000 1.000000 0.000000 0.000000
0.000000 0.000000 1.000000 0.000000
0.000000 0.000000 0.000000 1.000000
Name: screenfx
Parent: 
Sibling: windowbottom
Matrix:
1.000000 0.000000 0.000000 0.000000
0.000000 1.000000 0.000000 0.000000
0.000000 0.000000 1.000000 0.000000
0.000000 0.000000 0.000000 1.000000
Name: screenfx2
Parent: 
Sibling: screenfx
Matrix:
1.000000 0.000000 0.000000 0.000000
0.000000 1.000000 0.000000 0.000000
0.000000 0.000000 1.000000 0.000000
0.000000 0.000000 0.000000 1.000000
Name: screenfx3
Parent: 
Sibling: screenfx2
Matrix:
1.000000 0.000000 0.000000 0.000000
0.000000 1.000000 0.000000 0.000000
0.000000 0.000000 1.000000 0.000000
0.000000 0.000000 0.000000 1.000000
Name: screenfx4
Parent: 
Sibling: screenfx3
Matrix:
1.000000 0.000000 0.000000 0.000000
0.000000 1.000000 0.000000 0.000000
0.000000 0.000000 1.000000 0.000000
0.000000 0.000000 0.000000 1.000000
Name: screenfx5
Parent: 
Sibling: screenfx4
Matrix:
1.000000 0.000000 0.000000 0.000000
0.000000 1.000000 0.000000 0.000000
0.000000 0.000000 1.000000 0.000000
0.000000 0.000000 0.000000 1.000000
Name: dashboard1
Parent: 
Sibling: screenfx5
Matrix:
1.000000 0.000000 0.000000 0.000000
0.000000 1.000000 0.000000 0.000000
0.000000 0.000000 1.000000 0.000000
0.000000 0.000000 0.000000 1.000000
Name: windowtop
Parent: 
Sibling: dashboard1
Matrix:
1.000000 0.000000 0.000000 0.000000
0.000000 1.000000 0.000000 0.000000
0.000000 0.000000 1.000000 0.000000
0.000000 0.000000 0.000000 1.000000
Mesh: rep_1st_cockpit_combatspeeder
Model all_1st_cockpit_landspeeder1
Model turret_body1
Model turret_aimer1
Model window
Model lightfx7
Model lightfx6
Model lightfx5
Model lightfx4
Model lightfx3
Model lightfx2
Model lightfx1
Model floorboard
Model dashboard
Root all_1st_cockpit_landspeeder1
Matrix:
1.000000 0.000000 0.000000 0.000000
0.000000 1.000000 0.000000 0.000000
0.000000 0.000000 1.000000 0.000000
0.000000 0.000000 0.000000 1.000000
Name: dashboard
Parent: all_1st_cockpit_landspeeder1
Matrix:
1.000000 0.000000 0.000000 0.000000
0.000000 1.000000 0.000000 0.000000
0.000000 0.000000 1.000000 0.000000
0.000000 0.000000 0.000000 1.000000
Name: floorboard
Parent: 
Sibling: dashboard
Matrix:
1.000000 0.000000 0.000000 0.000000
0.000000 1.000000 0.000000 0.000000
0.000000 0.000000 1.000000 0.000000
0.000000 0.000000 0.000000 1.000000
Name: lightfx1
Parent: 
Sibling: floorboard
Matrix:
1.000000 0.000000 0.000000 0.000000
0.000000 1.000000 0.000000 0.000000
0.000000 0.000000 1.000000 0.000000
0.000000 0.000000 0.000000 1.000000
Name: lightfx2
Parent: 
Sibling: lightfx1
Matrix:
1.000000 0.000000 0.000000 0.000000
0.000000 1.000000 0.000000 0.000000
0.000000 0.000000 1.000000 0.000000
0.000000 0.000000 0.000000 1.000000
Name: lightfx3
Parent: 
Sibling: lightfx2
Matrix:
1.000000 0.000000 0.000000 0.000000
0.000000 1.000000 0.000000 0.000000
0.000000 0.000000 1.000000 0.000000
0.000000 0.000000 0.000000 1.000000
Name: lightfx4
Parent: 
Sibling: lightfx3
Matrix:
1.000000 0.000000 0.000000 0.000000
0.000000 1.000000 0.000000 0.000000
0.000000 0.000000 1.000000 0.000000
0.000000 0.000000 0.000000 1.000000
Name: lightfx5
Parent: 
Sibling: lightfx4
Matrix:
1.000000 0.000000 0.000000 0.000000
0.000000 1.000000 0.000000 0.000000
0.000000 0.000000 1.000000 0.000000
0.000000 0.000000 0.000000 1.000000
Name: lightfx6
Parent: 
Sibling: lightfx5
Matrix:
1.000000 0.000000 0.000000 0.000000
0.000000 1.000000 0.000000 0.000000
0.000000 0.000000 1.000000 0.000000
0.000000 0.000000 0.000000 1.000000
Name: lightfx7
Parent: 
Sibling: lightfx6
Matrix:
1.000000 0.000000 0.000000 0.000000
0.000000 1.000000 0.000000 0.000000
0.000000 0.000000 1.000000 0.000000
0.000000 0.000000 0.000000 1.000000
Name: window
Parent: 
Sibling: lightfx7
Matrix:
1.000000 0.000000 0.000000 0.000000
0.000000 1.000000 0.000000 0.000000
0.000000 0.000000 1.000000 0.000000
0.000000 0.000000 0.000000 1.000000
Name: turret_body1
Parent: 
Sibling: window
Matrix:
1.000000 0.000000 0.000000 0.000000
0.000000 1.000000 0.000000 0.000000
0.000000 0.000000 1.000000 0.000000
0.000000 0.000000 0.000000 1.000000
Name: turret_aimer1
Parent: turret_body1
Matrix:
1.000000 0.000000 0.000000 0.000000
0.000000 1.000000 0.000000 0.000000
0.000000 0.000000 1.000000 0.000000
0.000000 0.000000 0.000000 1.000000
Mesh: rep_1st_cockpit_fightertank
Model rep_1st_cockpit_fightertank1
Model window
Model dashboardtank
Model fx4
Model fx7
Model fx1
Model fx2
Model fx3
Root rep_1st_cockpit_fightertank1
Matrix:
1.000000 0.000000 0.000000 0.000000
0.000000 1.000000 0.000000 0.000000
0.000000 0.000000 1.000000 0.000000
0.000000 0.000000 0.000000 1.000000
Name: fx3
Parent: rep_1st_cockpit_fightertank1
Matrix:
1.000000 0.000000 0.000000 0.000000
0.000000 1.000000 0.000000 0.000000
0.000000 0.000000 1.000000 0.000000
0.000000 0.000000 0.000000 1.000000
Name: fx2
Parent: 
Sibling: fx3
Matrix:
1.000000 0.000000 0.000000 0.000000
0.000000 1.000000 0.000000 0.000000
0.000000 0.000000 1.000000 0.000000
0.000000 0.000000 0.000000 1.000000
Name: fx1
Parent: 
Sibling: fx2
Matrix:
1.000000 0.000000 0.000000 0.000000
0.000000 1.000000 0.000000 0.000000
0.000000 0.000000 1.000000 0.000000
0.000000 0.000000 0.000000 1.000000
Name: fx7
Parent: 
Sibling: fx1
Matrix:
1.000000 0.000000 0.000000 0.000000
0.000000 1.000000 0.000000 0.000000
0.000000 0.000000 1.000000 0.000000
0.000000 0.000000 0.000000 1.000000
Name: fx4
Parent: 
Sibling: fx7
Matrix:
1.000000 0.000000 0.000000 0.000000
0.000000 1.000000 0.000000 0.000000
0.000000 0.000000 1.000000 0.000000
0.000000 0.000000 0.000000 1.000000
Name: dashboardtank
Parent: 
Sibling: fx4
Matrix:
1.000000 0.000000 0.000000 0.000000
0.000000 1.000000 0.000000 0.000000
0.000000 0.000000 1.000000 0.000000
0.000000 0.000000 0.000000 1.000000
Name: window
Parent: 
Sibling: dashboardtank
Matrix:
1.000000 0.000000 0.000000 0.000000
0.000000 1.000000 0.000000 0.000000
0.000000 0.000000 1.000000 0.000000
0.000000 0.000000 0.000000 1.000000
Mesh: rep_1st_cockpit_gunship
Model rep_1st_cockpit_gunship
Model frame
Model scrolscrn1
Model upperdash
Model frontdial
Model knob2
Model knob1
Model screen
Model port2
Model glass
Model port5
Model fx4
Model dashboard
Model fx3
Model but4
Model cylinderdial
Model but1
Model but3
Model but2
Root rep_1st_cockpit_gunship
Matrix:
1.000000 0.000000 0.000000 0.000000
0.000000 1.000000 0.000000 0.000000
0.000000 0.000000 1.000000 0.000000
0.000000 0.000000 0.000000 1.000000
Name: but2
Parent: rep_1st_cockpit_gunship
Matrix:
1.000000 0.000000 0.000000 0.000000
0.000000 1.000000 0.000000 0.000000
0.000000 0.000000 1.000000 0.000000
0.000000 0.000000 0.000000 1.000000
Name: but3
Parent: 
Sibling: but2
Matrix:
1.000000 0.000000 0.000000 0.000000
0.000000 1.000000 0.000000 0.000000
0.000000 0.000000 1.000000 0.000000
0.000000 0.000000 0.000000 1.000000
Name: but1
Parent: 
Sibling: but3
Matrix:
1.000000 0.000000 0.000000 0.000000
0.000000 1.000000 0.000000 0.000000
0.000000 0.000000 1.000000 0.000000
0.000000 0.000000 0.000000 1.000000
Name: cylinderdial
Parent: 
Sibling: but1
Matrix:
1.000000 0.000000 0.000000 0.000000
0.000000 1.000000 0.000000 0.000000
0.000000 0.000000 1.000000 0.000000
0.000000 0.000000 0.000000 1.000000
Name: but4
Parent: 
Sibling: cylinderdial
Matrix:
1.000000 0.000000 0.000000 0.000000
0.000000 1.000000 0.000000 0.000000
0.000000 0.000000 1.000000 0.000000
0.000000 0.000000 0.000000 1.000000
Name: fx3
Parent: 
Sibling: but4
Matrix:
1.000000 0.000000 0.000000 0.000000
0.000000 1.000000 0.000000 0.000000
0.000000 0.000000 1.000000 0.000000
0.000000 0.000000 0.000000 1.000000
Name: dashboard
Parent: 
Sibling: fx3
Matrix:
1.000000 0.000000 0.000000 0.000000
0.000000 1.000000 0.000000 0.000000
0.000000 0.000000 1.000000 0.000000
0.000000 0.000000 0.000000 1.000000
Name: fx4
Parent: 
Sibling: dashboard
Matrix:
1.000000 0.000000 0.000000 0.000000
0.000000 1.000000 0.000000 0.000000
0.000000 0.000000 1.000000 0.000000
0.000000 0.000000 0.000000 1.000000
Name: port5
Parent: 
Sibling: fx4
Matrix:
1.000000 0.000000 0.000000 0.000000
0.000000 1.000000 0.000000 0.000000
0.000000 0.000000 1.000000 0.000000
0.000000 0.000000 0.000000 1.000000
Name: glass
Parent: 
Sibling: port5
Matrix:
1.000000 0.000000 0.000000 0.000000
0.000000 1.000000 0.000000 0.000000
0.000000 0.000000 1.000000 0.000000
0.000000 0.000000 0.000000 1.000000
Name: port2
Parent: 
Sibling: glass
Matrix:
1.000000 0.000000 0.000000 0.000000
0.000000 1.000000 0.000000 0.000000
0.000000 0.000000 1.000000 0.000000
0.000000 0.000000 0.000000 1.000000
Name: screen
Parent: 
Sibling: port2
Matrix:
1.000000 0.000000 0.000000 0.000000
0.000000 1.000000 0.000000 0.000000
0.000000 0.000000 1.000000 0.000000
0.000000 0.000000 0.000000 1.000000
Name: knob1
Parent: 
Sibling: screen
Matrix:
1.000000 0.000000 0.000000 0.000000
0.000000 1.000000 0.000000 0.000000
0.000000 0.000000 1.000000 0.000000
0.000000 0.000000 0.000000 1.000000
Name: knob2
Parent: 
Sibling: knob1
Matrix:
1.000000 0.000000 0.000000 0.000000
0.000000 1.000000 0.000000 0.000000
0.000000 0.000000 1.000000 0.000000
0.000000 0.000000 0.000000 1.000000
Name: frontdial
Parent: 
Sibling: knob2
Matrix:
1.000000 0.000000 0.000000 0.000000
0.000000 1.000000 0.000000 0.000000
0.000000 0.000000 1.000000 0.000000
0.000000 0.000000 0.000000 1.000000
Name: upperdash
Parent: 
Sibling: frontdial
Matrix:
1.000000 0.000000 0.000000 0.000000
0.000000 1.000000 0.000000 0.000000
0.000000 0.000000 1.000000 0.000000
0.000000 0.000000 0.000000 1.000000
Name: scrolscrn1
Parent: 
Sibling: upperdash
Matrix:
1.000000 0.000000 0.000000 0.000000
0.000000 1.000000 0.000000 0.000000
0.000000 0.000000 1.000000 0.000000
0.000000 0.000000 0.000000 1.000000
Name: frame
Parent: 
Sibling: scrolscrn1
Matrix:
1.000000 0.000000 0.000000 0.000000
0.000000 1.000000 0.000000 0.000000
0.000000 0.000000 1.000000 0.000000
0.000000 0.000000 0.000000 1.000000
Mesh: rep_1st_cockpit_gunshipgnr
Model dash_main
Model bar2
Model bar1
Model laserdisk
Model scrolscrn1
Model dialframe
Model dialscreen
Model windowfrnt
Model topbrace
Model base
Model dialholder
Model windowsides
Model midband
Root dash_main
Matrix:
1.000000 0.000000 0.000000 0.000000
0.000000 1.000000 0.000000 0.000000
0.000000 0.000000 1.000000 0.000000
0.000000 0.000000 0.000000 1.000000
Name: midband
Parent: dash_main
Matrix:
1.000000 0.000000 0.000000 0.000000
0.000000 1.000000 0.000000 0.000000
0.000000 0.000000 1.000000 0.000000
0.000000 0.000000 0.000000 1.000000
Name: windowsides
Parent: 
Sibling: midband
Matrix:
1.000000 0.000000 0.000000 0.000000
0.000000 1.000000 0.000000 0.000000
0.000000 0.000000 1.000000 0.000000
0.000000 0.000000 0.000000 1.000000
Name: dialholder
Parent: 
Sibling: windowsides
Matrix:
1.000000 0.000000 0.000000 0.000000
0.000000 1.000000 0.000000 0.000000
0.000000 0.000000 1.000000 0.000000
0.000000 0.000000 0.000000 1.000000
Name: base
Parent: 
Sibling: dialholder
Matrix:
1.000000 0.000000 0.000000 0.000000
0.000000 1.000000 0.000000 0.000000
0.000000 0.000000 1.000000 0.000000
0.000000 0.000000 0.000000 1.000000
Name: topbrace
Parent: 
Sibling: base
Matrix:
1.000000 0.000000 0.000000 0.000000
0.000000 1.000000 0.000000 0.000000
0.000000 0.000000 1.000000 0.000000
0.000000 0.000000 0.000000 1.000000
Name: windowfrnt
Parent: 
Sibling: topbrace
Matrix:
1.000000 0.000000 0.000000 0.000000
0.000000 1.000000 0.000000 0.000000
0.000000 0.000000 1.000000 0.000000
0.000000 0.000000 0.000000 1.000000
Name: dialscreen
Parent: 
Sibling: windowfrnt
Matrix:
1.000000 0.000000 0.000000 0.000000
0.000000 1.000000 0.000000 0.000000
0.000000 0.000000 1.000000 0.000000
0.000000 0.000000 0.000000 1.000000
Name: dialframe
Parent: 
Sibling: dialscreen
Matrix:
1.000000 0.000000 0.000000 0.000000
0.000000 1.000000 0.000000 0.000000
0.000000 0.000000 1.000000 0.000000
0.000000 0.000000 0.000000 1.000000
Name: scrolscrn1
Parent: 
Sibling: dialframe
Matrix:
1.000000 0.000000 0.000000 0.000000
0.000000 1.000000 0.000000 0.000000
0.000000 0.000000 1.000000 0.000000
0.000000 0.000000 0.000000 1.000000
Name: laserdisk
Parent: 
Sibling: scrolscrn1
Matrix:
1.000000 0.000000 0.000000 0.000000
0.000000 1.000000 0.000000 0.000000
0.000000 0.000000 1.000000 0.000000
0.000000 0.000000 0.000000 1.000000
Name: bar1
Parent: 
Sibling: laserdisk
Matrix:
1.000000 0.000000 0.000000 0.000000
0.000000 1.000000 0.000000 0.000000
0.000000 0.000000 1.000000 0.000000
0.000000 0.000000 0.000000 1.000000
Name: bar2
Parent: 
Sibling: bar1
Matrix:
1.000000 0.000000 0.000000 0.000000
0.000000 1.000000 0.000000 0.000000
0.000000 0.000000 1.000000 0.000000
0.000000 0.000000 0.000000 1.000000
Mesh: rep_1st_cockpit_jedistarfighter
Model rep_1st_cockpit_jedistarfighter1
Model frame
Model display1
Model lightfx3
Model lightfx2
Model displayholder2
Model glass
Model holder1
Model holder2
Model holder3
Root rep_1st_cockpit_jedistarfighter1
Matrix:
1.000000 0.000000 0.000000 0.000000
0.000000 1.000000 0.000000 0.000000
0.000000 0.000000 1.000000 0.000000
0.000000 0.000000 0.000000 1.000000
Name: holder3
Parent: rep_1st_cockpit_jedistarfighter1
Matrix:
1.000000 0.000000 0.000000 0.000000
0.000000 1.000000 0.000000 0.000000
0.000000 0.000000 1.000000 0.000000
0.000000 0.000000 0.000000 1.000000
Name: holder2
Parent: 
Sibling: holder3
Matrix:
1.000000 0.000000 0.000000 0.000000
0.000000 1.000000 0.000000 0.000000
0.000000 0.000000 1.000000 0.000000
0.000000 0.000000 0.000000 1.000000
Name: holder1
Parent: 
Sibling: holder2
Matrix:
1.000000 0.000000 0.000000 0.000000
0.000000 1.000000 0.000000 0.000000
0.000000 0.000000 1.000000 0.000000
0.000000 0.000000 0.000000 1.000000
Name: glass
Parent: 
Sibling: holder1
Matrix:
1.000000 0.000000 0.000000 0.000000
0.000000 1.000000 0.000000 0.000000
0.000000 0.000000 1.000000 0.000000
0.000000 0.000000 0.000000 1.000000
Name: displayholder2
Parent: 
Sibling: glass
Matrix:
1.000000 0.000000 0.000000 0.000000
0.000000 1.000000 0.000000 0.000000
0.000000 0.000000 1.000000 0.000000
0.000000 0.000000 0.000000 1.000000
Name: lightfx2
Parent: 
Sibling: displayholder2
Matrix:
1.000000 0.000000 0.000000 0.000000
0.000000 1.000000 0.000000 0.000000
0.000000 0.000000 1.000000 0.000000
0.000000 0.000000 0.000000 1.000000
Name: lightfx3
Parent: 
Sibling: lightfx2
Matrix:
1.000000 0.000000 0.000000 0.000000
0.000000 1.000000 0.000000 0.000000
0.000000 0.000000 1.000000 0.000000
0.000000 0.000000 0.000000 1.000000
Name: display1
Parent: 
Sibling: lightfx3
Matrix:
1.000000 0.000000 0.000000 0.000000
0.000000 1.000000 0.000000 0.000000
0.000000 0.000000 1.000000 0.000000
0.000000 0.000000 0.000000 1.000000
Name: frame
Parent: 
Sibling: display1
Matrix:
1.000000 0.000000 0.000000 0.000000
0.000000 1.000000 0.000000 0.000000
0.000000 0.000000 1.000000 0.000000
0.000000 0.000000 0.000000 1.000000
Mesh: rep_1st_cockpit_securitycam
Model rep_1st_cockpit_securitycam
Model screen
Model fx4
Model fx6
Model fx7
Root rep_1st_cockpit_securitycam
Matrix:
1.000000 0.000000 0.000000 0.000000
0.000000 1.000000 0.000000 0.000000
0.000000 0.000000 1.000000 0.000000
0.000000 0.000000 0.000000 1.000000
Name: fx7
Parent: rep_1st_cockpit_securitycam
Matrix:
1.000000 0.000000 0.000000 0.000000
0.000000 1.000000 0.000000 0.000000
0.000000 0.000000 1.000000 0.000000
0.000000 0.000000 0.000000 1.000000
Name: fx6
Parent: 
Sibling: fx7
Matrix:
1.000000 0.000000 0.000000 0.000000
0.000000 1.000000 0.000000 0.000000
0.000000 0.000000 1.000000 0.000000
0.000000 0.000000 0.000000 1.000000
Name: fx4
Parent: 
Sibling: fx6
Matrix:
1.000000 0.000000 0.000000 0.000000
0.000000 1.000000 0.000000 0.000000
0.000000 0.000000 1.000000 0.000000
0.000000 0.000000 0.000000 1.000000
Name: screen
Parent: 
Sibling: fx4
Matrix:
1.000000 0.000000 0.000000 0.000000
0.000000 1.000000 0.000000 0.000000
0.000000 0.000000 1.000000 0.000000
0.000000 0.000000 0.000000 1.000000
Mesh: rep_1st_cockpit_speederbike
Model imp_cockpit_speederbike
Model horn
Model rod1
Model rod2
Model right_front_poke
Model bracket
Model box1
Model sensor2
Model frontcirc
Model sensor1
Model right_top_rudder
Model bracket1
Model left_bottom_rudder
Model right_bottom_rudder
Model post2
Model post1
Model right_front_poke1
Model lightfx
Model tube2
Model tube3
Model left_top_rudder
Root imp_cockpit_speederbike
Matrix:
1.000000 0.000000 0.000000 0.000000
0.000000 1.000000 0.000000 0.000000
0.000000 0.000000 1.000000 0.000000
0.000000 0.000000 0.000000 1.000000
Name: left_top_rudder
Parent: imp_cockpit_speederbike
Matrix:
1.000000 0.000000 0.000000 0.000000
0.000000 1.000000 0.000000 0.000000
0.000000 0.000000 1.000000 0.000000
0.000000 0.000000 0.000000 1.000000
Name: tube3
Parent: 
Sibling: left_top_rudder
Matrix:
1.000000 0.000000 0.000000 0.000000
0.000000 1.000000 0.000000 0.000000
0.000000 0.000000 1.000000 0.000000
0.000000 0.000000 0.000000 1.000000
Name: tube2
Parent: 
Sibling: tube3
Matrix:
1.000000 0.000000 0.000000 0.000000
0.000000 1.000000 0.000000 0.000000
0.000000 0.000000 1.000000 0.000000
0.000000 0.000000 0.000000 1.000000
Name: lightfx
Parent: 
Sibling: tube2
Matrix:
1.000000 0.000000 0.000000 0.000000
0.000000 1.000000 0.000000 0.000000
0.000000 0.000000 1.000000 0.000000
0.000000 0.000000 0.000000 1.000000
Name: right_front_poke1
Parent: 
Sibling: lightfx
Matrix:
1.000000 0.000000 0.000000 0.000000
0.000000 1.000000 0.000000 0.000000
0.000000 0.000000 1.000000 0.000000
0.000000 0.000000 0.000000 1.000000
Name: post1
Parent: 
Sibling: right_front_poke1
Matrix:
1.000000 0.000000 0.000000 0.000000
0.000000 1.000000 0.000000 0.000000
0.000000 0.000000 1.000000 0.000000
0.000000 0.000000 0.000000 1.000000
Name: post2
Parent: 
Sibling: post1
Matrix:
1.000000 0.000000 0.000000 0.000000
0.000000 1.000000 0.000000 0.000000
0.000000 0.000000 1.000000 0.000000
0.000000 0.000000 0.000000 1.000000
Name: right_bottom_rudder
Parent: 
Sibling: post2
Matrix:
1.000000 0.000000 0.000000 0.000000
0.000000 1.000000 0.000000 0.000000
0.000000 0.000000 1.000000 0.000000
0.000000 0.000000 0.000000 1.000000
Name: left_bottom_rudder
Parent: 
Sibling: right_bottom_rudder
Matrix:
1.000000 0.000000 0.000000 0.000000
0.000000 1.000000 0.000000 0.000000
0.000000 0.000000 1.000000 0.000000
0.000000 0.000000 0.000000 1.000000
Name: bracket1
Parent: 
Sibling: left_bottom_rudder
Matrix:
1.000000 0.000000 0.000000 0.000000
0.000000 1.000000 0.000000 0.000000
0.000000 0.000000 1.000000 0.000000
0.000000 0.000000 0.000000 1.000000
Name: right_top_rudder
Parent: 
Sibling: bracket1
Matrix:
1.000000 0.000000 0.000000 0.000000
0.000000 1.000000 0.000000 0.000000
0.000000 0.000000 1.000000 0.000000
0.000000 0.000000 0.000000 1.000000
Name: sensor1
Parent: 
Sibling: right_top_rudder
Matrix:
1.000000 0.000000 0.000000 0.000000
0.000000 1.000000 0.000000 0.000000
0.000000 0.000000 1.000000 0.000000
0.000000 0.000000 0.000000 1.000000
Name: frontcirc
Parent: 
Sibling: sensor1
Matrix:
1.000000 0.000000 0.000000 0.000000
0.000000 1.000000 0.000000 0.000000
0.000000 0.000000 1.000000 0.000000
0.000000 0.000000 0.000000 1.000000
Name: sensor2
Parent: 
Sibling: frontcirc
Matrix:
1.000000 0.000000 0.000000 0.000000
0.000000 1.000000 0.000000 0.000000
0.000000 0.000000 1.000000 0.000000
0.000000 0.000000 0.000000 1.000000
Name: box1
Parent: 
Sibling: sensor2
Matrix:
1.000000 0.000000 0.000000 0.000000
0.000000 1.000000 0.000000 0.000000
0.000000 0.000000 1.000000 0.000000
0.000000 0.000000 0.000000 1.000000
Name: bracket
Parent: 
Sibling: box1
Matrix:
1.000000 0.000000 0.000000 0.000000
0.000000 1.000000 0.000000 0.000000
0.000000 0.000000 1.000000 0.000000
0.000000 0.000000 0.000000 1.000000
Name: right_front_poke
Parent: 
Sibling: bracket
Matrix:
1.000000 0.000000 0.000000 0.000000
0.000000 1.000000 0.000000 0.000000
0.000000 0.000000 1.000000 0.000000
0.000000 0.000000 0.000000 1.000000
Name: rod2
Parent: 
Sibling: right_front_poke
Matrix:
1.000000 0.000000 0.000000 0.000000
0.000000 1.000000 0.000000 0.000000
0.000000 0.000000 1.000000 0.000000
0.000000 0.000000 0.000000 1.000000
Name: rod1
Parent: 
Sibling: rod2
Matrix:
1.000000 0.000000 0.000000 0.000000
0.000000 1.000000 0.000000 0.000000
0.000000 0.000000 1.000000 0.000000
0.000000 0.000000 0.000000 1.000000
Name: horn
Parent: 
Sibling: rod1
Matrix:
1.000000 0.000000 0.000000 0.000000
0.000000 1.000000 0.000000 0.000000
0.000000 0.000000 1.000000 0.000000
0.000000 0.000000 0.000000 1.000000
Mesh: rep_1st_gunner
Model dummyroot
Model bone_shoulders
Model bone_l_forearm
Model bone_l_wrist
Model imp_inf_trooper_l_hand1
Model imp_inf_trooper_l_forearm
Model bone_r_forearm
Model bone_r_wrist
Model imp_inf_trooper_r_hand1
Model hp_weapons
Model imp_inf_trooper_r_forearm
Root dummyroot
Matrix:
1.000000 0.000000 0.000000 0.000000
0.000000 1.000000 0.000000 0.000000
0.000000 0.000000 1.000000 0.000000
0.000000 0.000000 0.000000 1.000000
Name: bone_shoulders
Parent: dummyroot
Matrix:
1.000000 0.000000 0.000000 0.000000
0.000000 1.000000 0.000000 0.000000
0.000000 0.000000 1.000000 0.000000
0.000000 -0.251144 -0.119098 1.000000
Name: bone_r_forearm
Parent: bone_shoulders
Matrix:
-1.000000 0.000000 0.000000 0.000000
0.000000 0.992942 0.118604 0.000000
0.000000 0.118604 -0.992942 0.000000
-0.283090 -0.350589 0.059040 1.000000
Name: imp_inf_trooper_r_forearm
Parent: bone_r_forearm
Matrix:
-1.000000 0.000000 0.000000 0.000000
0.000000 0.992942 0.118604 0.000000
0.000000 0.118604 -0.992942 0.000000
-0.283090 -0.107375 0.035400 1.000000
Name: bone_r_wrist
Parent: 
Sibling: imp_inf_trooper_r_forearm
Matrix:
1.000000 0.000000 0.000000 0.000000
0.000000 0.999011 0.044471 0.000000
0.000000 -0.044471 0.999011 0.000000
0.000000 -0.000000 -0.271097 1.000000
Name: hp_weapons
Parent: bone_r_wrist
Matrix:
-0.977879 0.126706 -0.166426 0.000000
0.099097 0.981328 0.164850 0.000000
0.184206 0.144712 -0.972176 0.000000
-0.008484 0.077870 -0.162355 1.000000
Name: imp_inf_trooper_r_hand1
Parent: 
Sibling: hp_weapons
Matrix:
-1.000000 0.000000 0.000000 0.000000
0.000000 0.997234 0.074329 0.000000
0.000000 0.074329 -0.997234 0.000000
-0.283090 -0.093735 0.310940 1.000000
Name: bone_l_forearm
Parent: 
Sibling: bone_r_forearm
Matrix:
1.000000 0.000000 0.000000 0.000000
0.000000 0.992942 0.118604 0.000000
0.000000 -0.118604 0.992942 0.000000
0.283090 -0.350589 0.059040 1.000000
Name: imp_inf_trooper_l_forearm
Parent: bone_l_forearm
Matrix:
1.000000 0.000000 0.000000 0.000000
0.000000 0.992942 -0.118604 0.000000
0.000000 0.118604 0.992942 0.000000
-0.283090 -0.107375 -0.035400 1.000000
Name: bone_l_wrist
Parent: 
Sibling: imp_inf_trooper_l_forearm
Matrix:
1.000000 0.000000 0.000000 0.000000
0.000000 0.999011 -0.044471 0.000000
0.000000 0.044471 0.999011 0.000000
0.000000 -0.000000 0.271097 1.000000
Name: imp_inf_trooper_l_hand1
Parent: bone_l_wrist
Matrix:
1.000000 0.000000 0.000000 0.000000
0.000000 0.997234 -0.074329 0.000000
0.000000 0.074329 0.997234 0.000000
-0.283090 -0.093735 -0.310940 1.000000
Mesh: rep_1st_htrooper
Model dummyroot
Model bone_shoulders
Model bone_l_forearm
Model bone_l_wrist
Model imp_inf_trooper_l_hand1
Model imp_inf_trooper_l_forearm
Model bone_r_forearm
Model bone_r_wrist
Model imp_inf_trooper_r_hand1
Model hp_weapons
Model imp_inf_trooper_r_forearm
Root dummyroot
Matrix:
1.000000 0.000000 0.000000 0.000000
0.000000 1.000000 0.000000 0.000000
0.000000 0.000000 1.000000 0.000000
0.000000 0.000000 0.000000 1.000000
Name: bone_shoulders
Parent: dummyroot
Matrix:
1.000000 0.000000 0.000000 0.000000
0.000000 1.000000 0.000000 0.000000
0.000000 0.000000 1.000000 0.000000
0.000000 -0.251144 -0.119098 1.000000
Name: bone_r_forearm
Parent: bone_shoulders
Matrix:
-1.000000 0.000000 0.000000 0.000000
0.000000 0.992942 0.118604 0.000000
0.000000 0.118604 -0.992942 0.000000
-0.283090 -0.350589 0.059040 1.000000
Name: imp_inf_trooper_r_forearm
Parent: bone_r_forearm
Matrix:
-1.000000 0.000000 0.000000 0.000000
0.000000 0.992942 0.118604 0.000000
0.000000 0.118604 -0.992942 0.000000
-0.283090 -0.107375 0.035400 1.000000
Name: bone_r_wrist
Parent: 
Sibling: imp_inf_trooper_r_forearm
Matrix:
1.000000 0.000000 0.000000 0.000000
0.000000 0.999011 0.044471 0.000000
0.000000 -0.044471 0.999011 0.000000
0.000000 -0.000000 -0.271097 1.000000
Name: hp_weapons
Parent: bone_r_wrist
Matrix:
-0.977879 0.126706 -0.166426 0.000000
0.099097 0.981328 0.164850 0.000000
0.184206 0.144712 -0.972176 0.000000
-0.008484 0.077870 -0.162355 1.000000
Name: imp_inf_trooper_r_hand1
Parent: 
Sibling: hp_weapons
Matrix:
-1.000000 0.000000 0.000000 0.000000
0.000000 0.997234 0.074329 0.000000
0.000000 0.074329 -0.997234 0.000000
-0.283090 -0.093735 0.310940 1.000000
Name: bone_l_forearm
Parent: 
Sibling: bone_r_forearm
Matrix:
1.000000 0.000000 0.000000 0.000000
0.000000 0.992942 0.118604 0.000000
0.000000 -0.118604 0.992942 0.000000
0.283090 -0.350589 0.059040 1.000000
Name: imp_inf_trooper_l_forearm
Parent: bone_l_forearm
Matrix:
1.000000 0.000000 0.000000 0.000000
0.000000 0.992942 -0.118604 0.000000
0.000000 0.118604 0.992942 0.000000
-0.283090 -0.107375 -0.035400 1.000000
Name: bone_l_wrist
Parent: 
Sibling: imp_inf_trooper_l_forearm
Matrix:
1.000000 0.000000 0.000000 0.000000
0.000000 0.999011 -0.044471 0.000000
0.000000 0.044471 0.999011 0.000000
0.000000 -0.000000 0.271097 1.000000
Name: imp_inf_trooper_l_hand1
Parent: bone_l_wrist
Matrix:
1.000000 0.000000 0.000000 0.000000
0.000000 0.997234 -0.074329 0.000000
0.000000 0.074329 0.997234 0.000000
-0.283090 -0.093735 -0.310940 1.000000
Mesh: rep_1st_jettrooper
Model dummyroot
Model bone_shoulders
Model bone_l_forearm
Model bone_l_wrist
Model imp_inf_trooper_l_hand
Model imp_inf_trooper_l_handpad
Model imp_inf_trooper_l_forearm
Model bone_r_forearm
Model bone_r_wrist
Model imp_inf_trooper_r_hand
Model imp_inf_trooper_r_handpad
Model hp_weapons
Model imp_inf_trooper_r_forearm
Model hp_camera
Root dummyroot
Matrix:
1.000000 0.000000 0.000000 0.000000
0.000000 1.000000 0.000000 0.000000
0.000000 0.000000 1.000000 0.000000
0.000000 0.000000 0.000000 1.000000
Name: hp_camera
Parent: dummyroot
Matrix:
1.000000 0.000000 0.000000 0.000000
0.000000 1.000000 0.000000 0.000000
0.000000 0.000000 1.000000 0.000000
0.000000 -0.220000 -0.414500 1.000000
Name: bone_shoulders
Parent: 
Sibling: hp_camera
Matrix:
1.000000 0.000000 0.000000 0.000000
0.000000 1.000000 0.000000 0.000000
0.000000 0.000000 1.000000 0.000000
0.000000 -0.251144 -0.119098 1.000000
Name: bone_r_forearm
Parent: bone_shoulders
Matrix:
-1.000000 0.000000 0.000000 0.000000
0.000000 0.992942 0.118604 0.000000
0.000000 0.118604 -0.992942 0.000000
-0.283090 -0.350589 0.059040 1.000000
Name: imp_inf_trooper_r_forearm
Parent: bone_r_forearm
Matrix:
-1.000000 0.000000 0.000000 0.000000
0.000000 0.992942 0.118604 0.000000
0.000000 0.118604 -0.992942 0.000000
-0.283090 -0.107375 0.035400 1.000000
Name: bone_r_wrist
Parent: 
Sibling: imp_inf_trooper_r_forearm
Matrix:
1.000000 0.000000 0.000000 0.000000
0.000000 0.999011 0.044471 0.000000
0.000000 -0.044471 0.999011 0.000000
0.000000 -0.000000 -0.271097 1.000000
Name: hp_weapons
Parent: bone_r_wrist
Matrix:
-0.977879 0.126706 -0.166426 0.000000
0.099097 0.981328 0.164850 0.000000
0.184206 0.144712 -0.972176 0.000000
-0.008484 0.077870 -0.162355 1.000000
Name: imp_inf_trooper_r_hand
Parent: 
Sibling: hp_weapons
Matrix:
-1.000000 0.000000 0.000000 0.000000
0.000000 0.997234 0.074329 0.000000
0.000000 0.074329 -0.997234 0.000000
-0.283090 -0.093735 0.310940 1.000000
Name: imp_inf_trooper_r_handpad
Parent: imp_inf_trooper_r_hand
Matrix:
1.000000 0.000000 0.000000 0.000000
0.000000 1.000000 0.000000 0.000000
0.000000 0.000000 1.000000 0.000000
0.000000 0.000000 0.000000 1.000000
Name: bone_l_forearm
Parent: 
Sibling: bone_r_forearm
Matrix:
1.000000 0.000000 0.000000 0.000000
0.000000 0.992942 0.118604 0.000000
0.000000 -0.118604 0.992942 0.000000
0.283090 -0.350589 0.059040 1.000000
Name: imp_inf_trooper_l_forearm
Parent: bone_l_forearm
Matrix:
-1.000000 0.000000 0.000000 0.000000
0.000000 0.992942 -0.118604 0.000000
0.000000 -0.118604 -0.992942 0.000000
-0.283090 -0.107375 -0.035400 1.000000
Name: bone_l_wrist
Parent: 
Sibling: imp_inf_trooper_l_forearm
Matrix:
1.000000 0.000000 0.000000 0.000000
0.000000 0.999011 -0.044471 0.000000
0.000000 0.044471 0.999011 0.000000
0.000000 -0.000000 0.271097 1.000000
Name: imp_inf_trooper_l_hand
Parent: bone_l_wrist
Matrix:
1.000000 0.000000 0.000000 0.000000
0.000000 0.997234 -0.074329 0.000000
0.000000 0.074329 0.997234 0.000000
-0.283090 -0.093735 -0.310940 1.000000
Name: imp_inf_trooper_l_handpad
Parent: imp_inf_trooper_l_hand
Matrix:
-1.000000 0.000000 0.000000 0.000000
0.000000 1.000000 0.000000 0.000000
0.000000 0.000000 -1.000000 0.000000
0.000000 -0.000000 -0.000000 1.000000
Mesh: rep_1st_medic
Model dummyroot
Model bone_shoulders
Model bone_l_forearm
Model bone_l_wrist
Model imp_inf_trooper_l_hand1
Model imp_inf_trooper_l_forearm
Model bone_r_forearm
Model bone_r_wrist
Model imp_inf_trooper_r_hand1
Model hp_weapons
Model imp_inf_trooper_r_forearm
Root dummyroot
Matrix:
1.000000 0.000000 0.000000 0.000000
0.000000 1.000000 0.000000 0.000000
0.000000 0.000000 1.000000 0.000000
0.000000 0.000000 0.000000 1.000000
Name: bone_shoulders
Parent: dummyroot
Matrix:
1.000000 0.000000 0.000000 0.000000
0.000000 1.000000 0.000000 0.000000
0.000000 0.000000 1.000000 0.000000
0.000000 -0.251144 -0.119098 1.000000
Name: bone_r_forearm
Parent: bone_shoulders
Matrix:
-1.000000 0.000000 0.000000 0.000000
0.000000 0.992942 0.118604 0.000000
0.000000 0.118604 -0.992942 0.000000
-0.283090 -0.350589 0.059040 1.000000
Name: imp_inf_trooper_r_forearm
Parent: bone_r_forearm
Matrix:
-1.000000 0.000000 0.000000 0.000000
0.000000 0.992942 0.118604 0.000000
0.000000 0.118604 -0.992942 0.000000
-0.283090 -0.107375 0.035400 1.000000
Name: bone_r_wrist
Parent: 
Sibling: imp_inf_trooper_r_forearm
Matrix:
1.000000 0.000000 0.000000 0.000000
0.000000 0.999011 0.044471 0.000000
0.000000 -0.044471 0.999011 0.000000
0.000000 -0.000000 -0.271097 1.000000
Name: hp_weapons
Parent: bone_r_wrist
Matrix:
-0.977879 0.126706 -0.166426 0.000000
0.099097 0.981328 0.164850 0.000000
0.184206 0.144712 -0.972176 0.000000
-0.008484 0.077870 -0.162355 1.000000
Name: imp_inf_trooper_r_hand1
Parent: 
Sibling: hp_weapons
Matrix:
-1.000000 0.000000 0.000000 0.000000
0.000000 0.997234 0.074329 0.000000
0.000000 0.074329 -0.997234 0.000000
-0.283090 -0.093735 0.310940 1.000000
Name: bone_l_forearm
Parent: 
Sibling: bone_r_forearm
Matrix:
1.000000 0.000000 0.000000 0.000000
0.000000 0.992942 0.118604 0.000000
0.000000 -0.118604 0.992942 0.000000
0.283090 -0.350589 0.059040 1.000000
Name: imp_inf_trooper_l_forearm
Parent: bone_l_forearm
Matrix:
1.000000 0.000000 0.000000 0.000000
0.000000 0.992942 -0.118604 0.000000
0.000000 0.118604 0.992942 0.000000
-0.283090 -0.107375 -0.035400 1.000000
Name: bone_l_wrist
Parent: 
Sibling: imp_inf_trooper_l_forearm
Matrix:
1.000000 0.000000 0.000000 0.000000
0.000000 0.999011 -0.044471 0.000000
0.000000 0.044471 0.999011 0.000000
0.000000 -0.000000 0.271097 1.000000
Name: imp_inf_trooper_l_hand1
Parent: bone_l_wrist
Matrix:
1.000000 0.000000 0.000000 0.000000
0.000000 0.997234 -0.074329 0.000000
0.000000 0.074329 0.997234 0.000000
-0.283090 -0.093735 -0.310940 1.000000
Mesh: rep_1st_pilot
Model dummyroot
Model bone_shoulders
Model bone_l_forearm
Model bone_l_wrist
Model imp_inf_trooper_l_hand
Model imp_inf_trooper_l_handpad
Model imp_inf_trooper_l_forearm
Model bone_r_forearm
Model bone_r_wrist
Model imp_inf_trooper_r_hand
Model imp_inf_trooper_r_handpad
Model hp_weapons
Model imp_inf_trooper_r_forearm
Model hp_camera
Root dummyroot
Matrix:
1.000000 0.000000 0.000000 0.000000
0.000000 1.000000 0.000000 0.000000
0.000000 0.000000 1.000000 0.000000
0.000000 0.000000 0.000000 1.000000
Name: hp_camera
Parent: dummyroot
Matrix:
1.000000 0.000000 0.000000 0.000000
0.000000 1.000000 0.000000 0.000000
0.000000 0.000000 1.000000 0.000000
0.000000 -0.220000 -0.414500 1.000000
Name: bone_shoulders
Parent: 
Sibling: hp_camera
Matrix:
1.000000 0.000000 0.000000 0.000000
0.000000 1.000000 0.000000 0.000000
0.000000 0.000000 1.000000 0.000000
0.000000 -0.251144 -0.119098 1.000000
Name: bone_r_forearm
Parent: bone_shoulders
