Logging ModelMunge
11:38:4704/13/20
Mesh: cis_droideka_shield
Model cis_droideka_shield1
Root cis_droideka_shield1
Matrix:
1.000000 0.000000 0.000000 0.000000
0.000000 1.000000 0.000000 0.000000
0.000000 0.000000 1.000000 0.000000
0.000000 0.000000 0.000000 1.000000
Mesh: all_weap_inf_lascannon
Model launcherbody
Model all_launcher_shoulder1
Model all_launcher_barrel
Model hp_fire
Model hp_active
Model all_launcher_eyepeice
Model all_launcher_triggerpeice
Model all_launcher_rear
Model all_launcher_handle3
Model all_launcher_handle2
Root launcherbody
Matrix:
1.000000 0.000000 0.000000 0.000000
0.000000 1.000000 0.000000 0.000000
0.000000 0.000000 1.000000 0.000000
0.000000 0.000000 0.000000 1.000000
Name: all_launcher_handle2
Parent: launcherbody
Matrix:
1.000000 0.000000 0.000000 0.000000
0.000000 1.000000 0.000000 0.000000
0.000000 0.000000 1.000000 0.000000
0.000000 0.000000 0.000000 1.000000
Name: all_launcher_handle3
Parent: 
Sibling: all_launcher_handle2
Matrix:
1.000000 0.000000 0.000000 0.000000
0.000000 1.000000 0.000000 0.000000
0.000000 0.000000 1.000000 0.000000
0.000000 0.000000 0.000000 1.000000
Name: all_launcher_rear
Parent: 
Sibling: all_launcher_handle3
Matrix:
1.000000 0.000000 0.000000 0.000000
0.000000 1.000000 0.000000 0.000000
0.000000 0.000000 1.000000 0.000000
0.000000 0.000000 0.000000 1.000000
Name: all_launcher_triggerpeice
Parent: 
Sibling: all_launcher_rear
Matrix:
1.000000 0.000000 0.000000 0.000000
0.000000 1.000000 0.000000 0.000000
0.000000 0.000000 1.000000 0.000000
0.000000 0.000000 0.000000 1.000000
Name: all_launcher_eyepeice
Parent: 
Sibling: all_launcher_triggerpeice
Matrix:
1.000000 0.000000 0.000000 0.000000
0.000000 1.000000 0.000000 0.000000
0.000000 0.000000 1.000000 0.000000
0.000000 0.000000 0.000000 1.000000
Name: hp_active
Parent: 
Sibling: all_launcher_eyepeice
Matrix:
0.995838 -0.091145 0.000000 0.000000
0.091145 0.995838 0.000000 0.000000
0.000000 0.000000 1.000000 0.000000
-0.006801 -0.000425 0.000000 1.000000
Name: hp_fire
Parent: 
Sibling: hp_active
Matrix:
0.995838 -0.091145 0.000000 0.000000
0.091145 0.995838 0.000000 0.000000
0.000000 0.000000 1.000000 0.000000
0.015575 0.103695 0.441820 1.000000
Name: all_launcher_barrel
Parent: 
Sibling: hp_fire
Matrix:
1.000000 0.000000 0.000000 0.000000
0.000000 1.000000 0.000000 0.000000
0.000000 0.000000 1.000000 0.000000
0.000000 0.000000 0.000000 1.000000
Name: all_launcher_shoulder1
Parent: 
Sibling: all_launcher_barrel
Matrix:
1.000000 0.000000 0.000000 0.000000
0.000000 1.000000 0.000000 0.000000
0.000000 0.000000 1.000000 0.000000
0.000000 0.000000 0.000000 1.000000
Mesh: all_weap_inf_pistol
Model all_weap_inf_pistol
Model hp_fire
Model hp_active
Root all_weap_inf_pistol
Matrix:
1.000000 0.000000 0.000000 0.000000
0.000000 1.000000 0.000000 0.000000
0.000000 0.000000 1.000000 0.000000
0.000000 0.000000 0.000000 1.000000
Name: hp_active
Parent: all_weap_inf_pistol
Matrix:
1.000000 0.000000 0.000000 0.000000
0.000000 1.000000 0.000000 0.000000
0.000000 0.000000 1.000000 0.000000
0.000000 0.000000 0.000000 1.000000
Name: hp_fire
Parent: 
Sibling: hp_active
Matrix:
1.000000 0.000000 0.000000 0.000000
0.000000 1.000000 0.000000 0.000000
0.000000 0.000000 1.000000 0.000000
0.000000 0.055848 0.355697 1.000000
Mesh: bdroid_chunk1
Model bdroid_chunk1
Model p_bdroid_head
Root bdroid_chunk1
Matrix:
1.000000 0.000000 0.000000 0.000000
0.000000 1.000000 0.000000 0.000000
0.000000 0.000000 1.000000 0.000000
0.000000 0.000000 0.000000 1.000000
Name: p_bdroid_head
Parent: bdroid_chunk1
Matrix:
0.000000 0.000000 1.000000 0.000000
0.972227 -0.234042 0.000000 0.000000
0.234042 0.972227 0.000000 0.000000
0.164615 -0.023025 -0.008704 1.000000
Mesh: bdroid_chunk2
Model bdroid_chunk2
Model p_bdroid_l_arm
Root bdroid_chunk2
Matrix:
1.000000 0.000000 0.000000 0.000000
0.000000 1.000000 0.000000 0.000000
0.000000 0.000000 1.000000 0.000000
0.000000 0.000000 0.000000 1.000000
Name: p_bdroid_l_arm
Parent: bdroid_chunk2
Matrix:
0.972579 -0.227822 0.046769 0.000000
-0.046760 0.005439 0.998891 0.000000
-0.227824 -0.973688 -0.005364 0.000000
0.310265 -0.009983 -0.022540 1.000000
Mesh: bdroid_chunk3
Model bdroid_chunk3
Model p_bdroid_l_calf
Root bdroid_chunk3
Matrix:
1.000000 0.000000 0.000000 0.000000
0.000000 1.000000 0.000000 0.000000
0.000000 0.000000 1.000000 0.000000
0.000000 0.000000 0.000000 1.000000
Name: p_bdroid_l_calf
Parent: bdroid_chunk3
Matrix:
0.151168 -0.040837 0.987664 0.000000
-0.961214 0.227096 0.156509 0.000000
-0.230686 -0.973016 -0.004923 0.000000
0.271144 0.010962 -0.010762 1.000000
Mesh: bdroid_chunk4
Model bdroid_chunk4
Model p_bdroid_l_calf1
Root bdroid_chunk4
Matrix:
1.000000 0.000000 0.000000 0.000000
0.000000 1.000000 0.000000 0.000000
0.000000 0.000000 1.000000 0.000000
0.000000 0.000000 0.000000 1.000000
Name: p_bdroid_l_calf1
Parent: bdroid_chunk4
Matrix:
-0.156586 0.000120 0.987664 0.000000
-0.987200 -0.030684 -0.156509 0.000000
0.030287 -0.999529 0.004923 0.000000
0.436442 0.152778 -0.006564 1.000000
Mesh: bdroid_chunk5
Model bdroid_chunk5
Model p_bdroid_torso
Root bdroid_chunk5
Matrix:
1.000000 0.000000 0.000000 0.000000
0.000000 1.000000 0.000000 0.000000
0.000000 0.000000 1.000000 0.000000
0.000000 0.000000 0.000000 1.000000
Name: p_bdroid_torso
Parent: bdroid_chunk5
Matrix:
-0.000000 0.000000 1.000000 0.000000
0.996180 0.087327 0.000000 0.000000
-0.087327 0.996180 -0.000000 0.000000
0.267291 0.005530 -0.026035 1.000000
Mesh: cis_1st_bdroid
Model dummyroot
Model bone_shoulders
Model bone_l_forearm
Model bone_l_wrist
Model bdroid_1st_l_hand
Model sphere
Model bdroid_1st_l_arm
Model bone_r_forearm
Model bone_r_wrist
Model bdroid_1st_r_hand
Model sphere1
Model hp_weapons
Model bdroid_1st_r_arm
Root dummyroot
Matrix:
1.000000 0.000000 0.000000 0.000000
0.000000 1.000000 0.000000 0.000000
0.000000 0.000000 1.000000 0.000000
0.000000 0.000000 0.000000 1.000000
Name: bone_shoulders
Parent: dummyroot
Matrix:
1.000000 0.000000 0.000000 0.000000
0.000000 1.000000 0.000000 0.000000
0.000000 0.000000 1.000000 0.000000
0.000000 -0.251144 -0.119098 1.000000
Name: bone_r_forearm
Parent: bone_shoulders
Matrix:
-1.000000 0.000000 0.000000 0.000000
0.000000 0.992942 0.118604 0.000000
0.000000 0.118604 -0.992942 0.000000
-0.283090 -0.350589 0.059040 1.000000
Name: bdroid_1st_r_arm
Parent: bone_r_forearm
Matrix:
-1.000000 0.000000 0.000000 0.000000
0.000000 0.992942 0.118604 0.000000
0.000000 0.118604 -0.992942 0.000000
-0.283090 -0.107375 0.035400 1.000000
Name: bone_r_wrist
Parent: 
Sibling: bdroid_1st_r_arm
Matrix:
1.000000 0.000000 0.000000 0.000000
0.000000 0.999011 0.044471 0.000000
0.000000 -0.044471 0.999011 0.000000
0.000000 -0.000000 -0.271097 1.000000
Name: hp_weapons
Parent: bone_r_wrist
Matrix:
-0.977879 0.126706 -0.166426 0.000000
0.099097 0.981328 0.164850 0.000000
0.184206 0.144712 -0.972176 0.000000
-0.008484 0.077870 -0.162355 1.000000
Name: bdroid_1st_r_hand
Parent: 
Sibling: hp_weapons
Matrix:
-1.000000 0.000000 0.000000 0.000000
0.000000 0.997234 0.074329 0.000000
0.000000 0.074329 -0.997234 0.000000
-0.283090 -0.093735 0.310940 1.000000
Name: sphere1
Parent: bdroid_1st_r_hand
Matrix:
-0.993934 -0.010673 -0.109460 0.000000
-0.109979 0.099131 0.988978 0.000000
0.000295 0.995017 -0.099704 0.000000
-0.283090 0.070323 0.317056 1.000000
Name: bone_l_forearm
Parent: 
Sibling: bone_r_forearm
Matrix:
1.000000 0.000000 0.000000 0.000000
0.000000 0.992942 0.118604 0.000000
0.000000 -0.118604 0.992942 0.000000
0.283090 -0.350589 0.059040 1.000000
Name: bdroid_1st_l_arm
Parent: bone_l_forearm
Matrix:
1.000000 0.000000 0.000000 0.000000
0.000000 0.992942 -0.118604 0.000000
0.000000 0.118604 0.992942 0.000000
-0.283090 -0.107375 -0.035400 1.000000
Name: bone_l_wrist
Parent: 
Sibling: bdroid_1st_l_arm
Matrix:
1.000000 0.000000 0.000000 0.000000
0.000000 0.999011 -0.044471 0.000000
0.000000 0.044471 0.999011 0.000000
0.000000 -0.000000 0.271097 1.000000
Name: bdroid_1st_l_hand
Parent: bone_l_wrist
Matrix:
1.000000 0.000000 0.000000 0.000000
0.000000 0.997234 -0.074329 0.000000
0.000000 0.074329 0.997234 0.000000
-0.283090 -0.093735 -0.310940 1.000000
Name: sphere
Parent: bdroid_1st_l_hand
Matrix:
1.000000 0.000000 0.000000 0.000000
0.000000 -0.074330 0.997234 0.000000
0.000000 -0.997234 -0.074330 0.000000
0.283090 0.070323 0.317056 1.000000
Mesh: cis_1st_cockpit_AAT
Model cis_1st_cockpit_AAT4
Model mapball
Model window
Model blinker
Model circle1
Root cis_1st_cockpit_AAT4
Matrix:
1.000000 0.000000 0.000000 0.000000
0.000000 1.000000 0.000000 0.000000
0.000000 0.000000 1.000000 0.000000
0.000000 0.000000 0.000000 1.000000
Name: circle1
Parent: cis_1st_cockpit_AAT4
Matrix:
1.000000 0.000000 0.000000 0.000000
0.000000 1.000000 0.000000 0.000000
0.000000 0.000000 1.000000 0.000000
0.000000 0.000000 0.000000 1.000000
Name: blinker
Parent: 
Sibling: circle1
Matrix:
1.000000 0.000000 0.000000 0.000000
0.000000 1.000000 0.000000 0.000000
0.000000 0.000000 1.000000 0.000000
0.000000 0.000000 0.000000 1.000000
Name: window
Parent: 
Sibling: blinker
Matrix:
1.000000 0.000000 0.000000 0.000000
0.000000 1.000000 0.000000 0.000000
0.000000 0.000000 1.000000 0.000000
0.000000 0.000000 0.000000 1.000000
Name: mapball
Parent: 
Sibling: window
Matrix:
1.000000 0.000000 0.000000 0.000000
0.000000 1.000000 0.000000 0.000000
0.000000 0.000000 1.000000 0.000000
0.000000 0.000000 0.000000 1.000000
Mesh: cis_1st_cockpit_hailfiredroid
Model cis_1st_cockpit_hailfiredroid1
Model tube
Model fx1
Model fx2
Model dial
Model hailfirewindow
Root cis_1st_cockpit_hailfiredroid1
Matrix:
1.000000 0.000000 0.000000 0.000000
0.000000 1.000000 0.000000 0.000000
0.000000 0.000000 1.000000 0.000000
0.000000 0.000000 0.000000 1.000000
Name: hailfirewindow
Parent: cis_1st_cockpit_hailfiredroid1
Matrix:
1.000000 0.000000 0.000000 0.000000
0.000000 1.000000 0.000000 0.000000
0.000000 0.000000 1.000000 0.000000
0.000000 0.000000 0.000000 1.000000
Name: dial
Parent: 
Sibling: hailfirewindow
Matrix:
1.000000 0.000000 0.000000 0.000000
0.000000 1.000000 0.000000 0.000000
0.000000 0.000000 1.000000 0.000000
0.000000 0.000000 0.000000 1.000000
Name: fx2
Parent: 
Sibling: dial
Matrix:
1.000000 0.000000 0.000000 0.000000
0.000000 1.000000 0.000000 0.000000
0.000000 0.000000 1.000000 0.000000
0.000000 0.000000 0.000000 1.000000
Name: fx1
Parent: 
Sibling: fx2
Matrix:
1.000000 0.000000 0.000000 0.000000
0.000000 1.000000 0.000000 0.000000
0.000000 0.000000 1.000000 0.000000
0.000000 0.000000 0.000000 1.000000
Name: tube
Parent: 
Sibling: fx1
Matrix:
1.000000 0.000000 0.000000 0.000000
0.000000 1.000000 0.000000 0.000000
0.000000 0.000000 1.000000 0.000000
0.000000 0.000000 0.000000 1.000000
Mesh: cis_1st_cockpit_MAF
Model cis_1st_cockpit_maf1
Model cylinderhang1
Root cis_1st_cockpit_maf1
Matrix:
1.000000 0.000000 0.000000 0.000000
0.000000 1.000000 0.000000 0.000000
0.000000 0.000000 1.000000 0.000000
0.000000 0.000000 0.000000 1.000000
Name: cylinderhang1
Parent: cis_1st_cockpit_maf1
Matrix:
1.000000 0.000000 0.000000 0.000000
0.000000 1.000000 0.000000 0.000000
0.000000 0.000000 1.000000 0.000000
0.000000 0.000000 0.000000 1.000000
Mesh: cis_1st_cockpit_MTT
Model cis_hover_mtt
Model mapball
Model cisfx9
Model cisfx8
Model cisfx3
Model cisfx1
Model cisfx6
Model cisfx7
Model cisfx4
Model cisfx5
Model dials1
Model dials2
Model ciswindow
Root cis_hover_mtt
Matrix:
1.000000 0.000000 0.000000 0.000000
0.000000 1.000000 0.000000 0.000000
0.000000 0.000000 1.000000 0.000000
0.000000 0.000000 0.000000 1.000000
Name: ciswindow
Parent: cis_hover_mtt
Matrix:
1.000000 0.000000 0.000000 0.000000
0.000000 1.000000 0.000000 0.000000
0.000000 0.000000 1.000000 0.000000
0.000000 0.000000 0.000000 1.000000
Name: dials2
Parent: 
Sibling: ciswindow
Matrix:
1.000000 0.000000 0.000000 0.000000
0.000000 1.000000 0.000000 0.000000
0.000000 0.000000 1.000000 0.000000
0.000000 0.000000 0.000000 1.000000
Name: dials1
Parent: 
Sibling: dials2
Matrix:
1.000000 0.000000 0.000000 0.000000
0.000000 1.000000 0.000000 0.000000
0.000000 0.000000 1.000000 0.000000
0.000000 0.000000 0.000000 1.000000
Name: cisfx5
Parent: 
Sibling: dials1
Matrix:
1.000000 0.000000 0.000000 0.000000
0.000000 1.000000 0.000000 0.000000
0.000000 0.000000 1.000000 0.000000
0.000000 0.000000 0.000000 1.000000
Name: cisfx4
Parent: 
Sibling: cisfx5
Matrix:
1.000000 0.000000 0.000000 0.000000
0.000000 1.000000 0.000000 0.000000
0.000000 0.000000 1.000000 0.000000
0.000000 0.000000 0.000000 1.000000
Name: cisfx7
Parent: 
Sibling: cisfx4
Matrix:
1.000000 0.000000 0.000000 0.000000
0.000000 1.000000 0.000000 0.000000
0.000000 0.000000 1.000000 0.000000
0.000000 0.000000 0.000000 1.000000
Name: cisfx6
Parent: 
Sibling: cisfx7
Matrix:
1.000000 0.000000 0.000000 0.000000
0.000000 1.000000 0.000000 0.000000
0.000000 0.000000 1.000000 0.000000
0.000000 0.000000 0.000000 1.000000
Name: cisfx1
Parent: 
Sibling: cisfx6
Matrix:
1.000000 0.000000 0.000000 0.000000
0.000000 1.000000 0.000000 0.000000
0.000000 0.000000 1.000000 0.000000
0.000000 0.000000 0.000000 1.000000
Name: cisfx3
Parent: 
Sibling: cisfx1
Matrix:
1.000000 0.000000 0.000000 0.000000
0.000000 1.000000 0.000000 0.000000
0.000000 0.000000 1.000000 0.000000
0.000000 0.000000 0.000000 1.000000
Name: cisfx8
Parent: 
Sibling: cisfx3
Matrix:
1.000000 0.000000 0.000000 0.000000
0.000000 1.000000 0.000000 0.000000
0.000000 0.000000 1.000000 0.000000
0.000000 0.000000 0.000000 1.000000
Name: cisfx9
Parent: 
Sibling: cisfx8
Matrix:
1.000000 0.000000 0.000000 0.000000
0.000000 1.000000 0.000000 0.000000
0.000000 0.000000 1.000000 0.000000
0.000000 0.000000 0.000000 1.000000
Name: mapball
Parent: 
Sibling: cisfx9
Matrix:
1.000000 0.000000 0.000000 0.000000
0.000000 1.000000 0.000000 0.000000
0.000000 0.000000 1.000000 0.000000
0.000000 0.000000 0.000000 1.000000
Mesh: cis_1st_cockpit_securitycam
Model cis_1st_cockpit_securitycam1
Model movinglight
Root cis_1st_cockpit_securitycam1
Matrix:
1.000000 0.000000 0.000000 0.000000
0.000000 1.000000 0.000000 0.000000
0.000000 0.000000 1.000000 0.000000
0.000000 0.000000 0.000000 1.000000
Name: movinglight
Parent: cis_1st_cockpit_securitycam1
Matrix:
1.000000 0.000000 0.000000 0.000000
0.000000 1.000000 0.000000 0.000000
0.000000 0.000000 1.000000 0.000000
0.000000 0.000000 0.000000 1.000000
Mesh: cis_1st_cockpit_spiderwalker
Model cis_1st_cockpit_spiderwalker1
Model swpanel
Root cis_1st_cockpit_spiderwalker1
Matrix:
1.000000 0.000000 0.000000 0.000000
0.000000 1.000000 0.000000 0.000000
0.000000 0.000000 1.000000 0.000000
0.000000 0.000000 0.000000 1.000000
Name: swpanel
Parent: cis_1st_cockpit_spiderwalker1
Matrix:
1.000000 0.000000 0.000000 0.000000
0.000000 1.000000 0.000000 0.000000
0.000000 0.000000 1.000000 0.000000
0.000000 0.000000 0.000000 1.000000
Mesh: cis_1st_cockpit_stap
Model cis_1st_cockpit_stap1
Model rib11
Model rib10
Model rib13
Model rib12
Model barrel5
Model barrel4
Model hinge
Model rib9
Model rib8
Model rib1
Model rib2
Model rib3
Model handlebars5
Model rib4
Model handlebars4
Model rib5
Model rib6
Model rib7
Root cis_1st_cockpit_stap1
Matrix:
1.000000 0.000000 0.000000 0.000000
0.000000 1.000000 0.000000 0.000000
0.000000 0.000000 1.000000 0.000000
0.000000 0.000000 0.000000 1.000000
Name: rib7
Parent: cis_1st_cockpit_stap1
Matrix:
1.000000 0.000000 0.000000 0.000000
0.000000 1.000000 0.000000 0.000000
0.000000 0.000000 1.000000 0.000000
0.000000 0.000000 0.000000 1.000000
Name: rib6
Parent: 
Sibling: rib7
Matrix:
1.000000 0.000000 0.000000 0.000000
0.000000 1.000000 0.000000 0.000000
0.000000 0.000000 1.000000 0.000000
0.000000 0.000000 0.000000 1.000000
Name: rib5
Parent: 
Sibling: rib6
Matrix:
1.000000 0.000000 0.000000 0.000000
0.000000 1.000000 0.000000 0.000000
0.000000 0.000000 1.000000 0.000000
0.000000 0.000000 0.000000 1.000000
Name: handlebars4
Parent: 
Sibling: rib5
Matrix:
1.000000 0.000000 0.000000 0.000000
0.000000 1.000000 0.000000 0.000000
0.000000 0.000000 1.000000 0.000000
0.000000 0.000000 0.000000 1.000000
Name: rib4
Parent: 
Sibling: handlebars4
Matrix:
1.000000 0.000000 0.000000 0.000000
0.000000 1.000000 0.000000 0.000000
0.000000 0.000000 1.000000 0.000000
0.000000 0.000000 0.000000 1.000000
Name: handlebars5
Parent: 
Sibling: rib4
Matrix:
1.000000 0.000000 0.000000 0.000000
0.000000 1.000000 0.000000 0.000000
0.000000 0.000000 1.000000 0.000000
0.000000 0.000000 0.000000 1.000000
Name: rib3
Parent: 
Sibling: handlebars5
Matrix:
1.000000 0.000000 0.000000 0.000000
0.000000 1.000000 0.000000 0.000000
0.000000 0.000000 1.000000 0.000000
0.000000 0.000000 0.000000 1.000000
Name: rib2
Parent: 
Sibling: rib3
Matrix:
1.000000 0.000000 0.000000 0.000000
0.000000 1.000000 0.000000 0.000000
0.000000 0.000000 1.000000 0.000000
0.000000 0.000000 0.000000 1.000000
Name: rib1
Parent: 
Sibling: rib2
Matrix:
1.000000 0.000000 0.000000 0.000000
0.000000 1.000000 0.000000 0.000000
0.000000 0.000000 1.000000 0.000000
0.000000 0.000000 0.000000 1.000000
Name: rib8
Parent: 
Sibling: rib1
Matrix:
1.000000 0.000000 0.000000 0.000000
0.000000 1.000000 0.000000 0.000000
0.000000 0.000000 1.000000 0.000000
0.000000 0.000000 0.000000 1.000000
Name: rib9
Parent: 
Sibling: rib8
Matrix:
1.000000 0.000000 0.000000 0.000000
0.000000 1.000000 0.000000 0.000000
0.000000 0.000000 1.000000 0.000000
0.000000 0.000000 0.000000 1.000000
Name: hinge
Parent: 
Sibling: rib9
Matrix:
1.000000 0.000000 0.000000 0.000000
0.000000 1.000000 0.000000 0.000000
0.000000 0.000000 1.000000 0.000000
0.000000 0.000000 0.000000 1.000000
Name: barrel4
Parent: 
Sibling: hinge
Matrix:
1.000000 0.000000 0.000000 0.000000
0.000000 1.000000 0.000000 0.000000
0.000000 0.000000 1.000000 0.000000
0.000000 0.000000 0.000000 1.000000
Name: barrel5
Parent: 
Sibling: barrel4
Matrix:
1.000000 0.000000 0.000000 0.000000
0.000000 1.000000 0.000000 0.000000
0.000000 0.000000 1.000000 0.000000
0.000000 0.000000 0.000000 1.000000
Name: rib12
Parent: 
Sibling: barrel5
Matrix:
1.000000 0.000000 0.000000 0.000000
0.000000 1.000000 0.000000 0.000000
0.000000 0.000000 1.000000 0.000000
0.000000 0.000000 0.000000 1.000000
Name: rib13
Parent: 
Sibling: rib12
Matrix:
1.000000 0.000000 0.000000 0.000000
0.000000 1.000000 0.000000 0.000000
0.000000 0.000000 1.000000 0.000000
0.000000 0.000000 0.000000 1.000000
Name: rib10
Parent: 
Sibling: rib13
Matrix:
1.000000 0.000000 0.000000 0.000000
0.000000 1.000000 0.000000 0.000000
0.000000 0.000000 1.000000 0.000000
0.000000 0.000000 0.000000 1.000000
Name: rib11
Parent: 
Sibling: rib10
Matrix:
1.000000 0.000000 0.000000 0.000000
0.000000 1.000000 0.000000 0.000000
0.000000 0.000000 1.000000 0.000000
0.000000 0.000000 0.000000 1.000000
Mesh: cis_1st_cockpit_starfighter
Model cis_1st_cockpit_starfighter1
Model mapball
Model window
Model lightfx5
Model lightfx4
Model lightfx3
Model lightfx2
Model lightfx1
Model circle2
Model circle1
Root cis_1st_cockpit_starfighter1
Matrix:
1.000000 0.000000 0.000000 0.000000
0.000000 1.000000 0.000000 0.000000
0.000000 0.000000 1.000000 0.000000
0.000000 0.000000 0.000000 1.000000
Name: circle1
Parent: cis_1st_cockpit_starfighter1
Matrix:
1.000000 0.000000 0.000000 0.000000
0.000000 1.000000 0.000000 0.000000
0.000000 0.000000 1.000000 0.000000
0.000000 0.000000 0.000000 1.000000
Name: circle2
Parent: 
Sibling: circle1
Matrix:
1.000000 0.000000 0.000000 0.000000
0.000000 1.000000 0.000000 0.000000
0.000000 0.000000 1.000000 0.000000
0.000000 0.000000 0.000000 1.000000
Name: lightfx1
Parent: 
Sibling: circle2
Matrix:
1.000000 0.000000 0.000000 0.000000
0.000000 1.000000 0.000000 0.000000
0.000000 0.000000 1.000000 0.000000
0.000000 0.000000 0.000000 1.000000
Name: lightfx2
Parent: 
Sibling: lightfx1
Matrix:
1.000000 0.000000 0.000000 0.000000
0.000000 1.000000 0.000000 0.000000
0.000000 0.000000 1.000000 0.000000
0.000000 0.000000 0.000000 1.000000
Name: lightfx3
Parent: 
Sibling: lightfx2
Matrix:
1.000000 0.000000 0.000000 0.000000
0.000000 1.000000 0.000000 0.000000
0.000000 0.000000 1.000000 0.000000
0.000000 0.000000 0.000000 1.000000
Name: lightfx4
Parent: 
Sibling: lightfx3
Matrix:
1.000000 0.000000 0.000000 0.000000
0.000000 1.000000 0.000000 0.000000
0.000000 0.000000 1.000000 0.000000
0.000000 0.000000 0.000000 1.000000
Name: lightfx5
Parent: 
Sibling: lightfx4
Matrix:
1.000000 0.000000 0.000000 0.000000
0.000000 1.000000 0.000000 0.000000
0.000000 0.000000 1.000000 0.000000
0.069073 0.000000 -0.034603 1.000000
Name: window
Parent: 
Sibling: lightfx5
Matrix:
1.000000 0.000000 0.000000 0.000000
0.000000 1.000000 0.000000 0.000000
0.000000 0.000000 1.000000 0.000000
0.000000 0.000000 0.000000 1.000000
Name: mapball
Parent: 
Sibling: window
Matrix:
1.000000 0.000000 0.000000 0.000000
0.000000 1.000000 0.000000 0.000000
0.000000 0.000000 1.000000 0.000000
0.000000 0.000000 0.000000 1.000000
Mesh: cis_1st_droideka
Model dummyroot
Model cis_droideka_hands
Model bone_shoulders
Model bone_l_forearm
Model bone_l_wrist
Model bone_r_forearm
Model bone_r_wrist
Model hp_weapons
Root dummyroot
Matrix:
1.000000 0.000000 0.000000 0.000000
0.000000 1.000000 0.000000 0.000000
0.000000 0.000000 1.000000 0.000000
0.000000 0.000000 0.000000 1.000000
Name: bone_shoulders
Parent: dummyroot
Matrix:
1.000000 0.000000 0.000000 0.000000
0.000000 1.000000 0.000000 0.000000
0.000000 0.000000 1.000000 0.000000
0.000000 -0.251144 -0.119098 1.000000
Name: bone_r_forearm
Parent: bone_shoulders
Matrix:
-1.000000 0.000000 0.000000 0.000000
0.000000 0.992942 0.118604 0.000000
0.000000 0.118604 -0.992942 0.000000
-0.283090 -0.350589 0.059040 1.000000
Name: bone_r_wrist
Parent: bone_r_forearm
Matrix:
1.000000 0.000000 0.000000 0.000000
0.000000 0.999011 0.044471 0.000000
0.000000 -0.044471 0.999011 0.000000
0.000000 -0.000000 -0.271097 1.000000
Name: hp_weapons
Parent: bone_r_wrist
Matrix:
-0.977879 0.126706 -0.166426 0.000000
0.099097 0.981328 0.164850 0.000000
0.184206 0.144712 -0.972176 0.000000
-0.008484 0.077870 -0.162355 1.000000
Name: bone_l_forearm
Parent: 
Sibling: bone_r_forearm
Matrix:
1.000000 0.000000 0.000000 0.000000
0.000000 0.992942 0.118604 0.000000
0.000000 -0.118604 0.992942 0.000000
0.283090 -0.350589 0.059040 1.000000
Name: bone_l_wrist
Parent: bone_l_forearm
Matrix:
1.000000 0.000000 0.000000 0.000000
0.000000 0.999011 -0.044471 0.000000
0.000000 0.044471 0.999011 0.000000
0.000000 -0.000000 0.271097 1.000000
Name: cis_droideka_hands
Parent: 
Sibling: bone_shoulders
Matrix:
1.000000 0.000000 0.000000 0.000000
0.000000 1.000000 0.000000 0.000000
0.000000 0.000000 1.000000 0.000000
0.000000 -0.704160 -0.107925 1.000000
Mesh: cis_1st_ig88
Model dummyroot
Model bone_shoulders
Model bone_l_forearm
Model bone_l_wrist
Model CIS_IG88_L_Hand
Model CIS_IG88_L_Forearm
Model bone_r_forearm
Model bone_r_wrist
Model CIS_IG88_R_Hand
Model hp_weapons
Model CIS_IG88_R_Forearm
Root dummyroot
Matrix:
1.000000 0.000000 0.000000 0.000000
0.000000 1.000000 0.000000 0.000000
0.000000 0.000000 1.000000 0.000000
0.000000 0.000000 0.000000 1.000000
Name: bone_shoulders
Parent: dummyroot
Matrix:
1.000000 0.000000 0.000000 0.000000
0.000000 1.000000 0.000000 0.000000
0.000000 0.000000 1.000000 0.000000
0.000000 -0.251144 -0.119098 1.000000
Name: bone_r_forearm
Parent: bone_shoulders
Matrix:
-1.000000 0.000000 0.000000 0.000000
0.000000 0.992942 0.118604 0.000000
0.000000 0.118604 -0.992942 0.000000
-0.283090 -0.350589 0.059040 1.000000
Name: CIS_IG88_R_Forearm
Parent: bone_r_forearm
Matrix:
-1.000000 0.000000 0.000000 0.000000
0.000000 0.992942 0.118604 0.000000
0.000000 0.118604 -0.992942 0.000000
-0.283090 -0.107375 0.035400 1.000000
Name: bone_r_wrist
Parent: 
Sibling: CIS_IG88_R_Forearm
Matrix:
1.000000 0.000000 0.000000 0.000000
0.000000 0.999011 0.044471 0.000000
0.000000 -0.044471 0.999011 0.000000
0.000000 -0.000000 -0.271097 1.000000
Name: hp_weapons
Parent: bone_r_wrist
Matrix:
-0.977879 0.126706 -0.166426 0.000000
0.099097 0.981328 0.164850 0.000000
0.184206 0.144712 -0.972176 0.000000
-0.008484 0.077870 -0.162355 1.000000
Name: CIS_IG88_R_Hand
Parent: 
Sibling: hp_weapons
Matrix:
-1.000000 0.000000 0.000000 0.000000
0.000000 0.997234 0.074329 0.000000
0.000000 0.074329 -0.997234 0.000000
-0.283090 -0.093735 0.310940 1.000000
Name: bone_l_forearm
Parent: 
Sibling: bone_r_forearm
Matrix:
1.000000 0.000000 0.000000 0.000000
0.000000 0.992942 0.118604 0.000000
0.000000 -0.118604 0.992942 0.000000
0.283090 -0.350589 0.059040 1.000000
Name: CIS_IG88_L_Forearm
Parent: bone_l_forearm
Matrix:
1.000000 0.000000 0.000000 0.000000
0.000000 0.992942 -0.118604 0.000000
0.000000 0.118604 0.992942 0.000000
-0.283090 -0.107375 -0.035400 1.000000
Name: bone_l_wrist
Parent: 
Sibling: CIS_IG88_L_Forearm
Matrix:
1.000000 0.000000 0.000000 0.000000
0.000000 0.999011 -0.044471 0.000000
0.000000 0.044471 0.999011 0.000000
0.000000 -0.000000 0.271097 1.000000
Name: CIS_IG88_L_Hand
Parent: bone_l_wrist
Matrix:
1.000000 0.000000 0.000000 0.000000
0.000000 0.997234 -0.074329 0.000000
0.000000 0.074329 0.997234 0.000000
-0.283090 -0.093735 -0.310940 1.000000
Mesh: cis_1st_sbdroid
Model dummyroot
Model bone_shoulders
Model bone_l_forearm
Model bone_l_wrist
Model cis_superbattledroid_l_forearmcap
Model bone_r_forearm
Model bone_r_wrist
Model cis_superbattledroid_r_hand
Model sphere1
Model hp_weapons
Model cis_superbattledroid_r_forearm
Model cylinder4
Model cylinder5
Model cylinder2
Model cylinder3
Model cis_superbattledroid_r_handcap
Model hp_camera
Root dummyroot
Matrix:
1.000000 0.000000 0.000000 0.000000
0.000000 1.000000 0.000000 0.000000
0.000000 0.000000 1.000000 0.000000
0.000000 0.000000 0.000000 1.000000
Name: hp_camera
Parent: dummyroot
Matrix:
1.000000 0.000000 0.000000 0.000000
0.000000 1.000000 0.000000 0.000000
0.000000 0.000000 1.000000 0.000000
0.000000 0.484200 -0.306600 1.000000
Name: bone_shoulders
Parent: 
Sibling: hp_camera
Matrix:
0.827184 0.000000 0.561931 0.000000
0.000000 1.000000 0.000000 0.000000
-0.561931 0.000000 0.827184 0.000000
0.000000 -0.251144 -0.119098 1.000000
Name: bone_r_forearm
Parent: bone_shoulders
Matrix:
-0.596504 0.543982 0.590141 0.000000
0.334324 0.836857 -0.433472 0.000000
-0.729665 -0.061269 -0.681055 0.000000
-0.201533 -0.220231 0.229965 1.000000
Name: cis_superbattledroid_r_handcap
Parent: bone_r_forearm
Matrix:
1.000000 0.000000 0.000000 0.000000
0.000000 0.999045 0.043705 0.000000
0.000000 -0.043705 0.999045 0.000000
-0.283090 -0.084195 -0.056343 1.000000
Name: cis_superbattledroid_r_forearm
Parent: 
Sibling: cis_superbattledroid_r_handcap
Matrix:
1.000000 0.000000 0.000000 0.000000
0.000000 0.999045 0.043705 0.000000
0.000000 -0.043705 0.999045 0.000000
-0.283090 -0.084195 -0.056343 1.000000
Name: cylinder3
Parent: cis_superbattledroid_r_forearm
Matrix:
-1.000000 0.000000 0.000000 0.000000
0.000000 1.000000 0.000000 0.000000
0.000000 0.000000 -1.000000 0.000000
-0.000000 0.082985 0.006156 1.000000
Name: cylinder2
Parent: 
Sibling: cylinder3
Matrix:
-0.015339 0.999882 0.000000 0.000000
0.999882 0.015339 0.000000 0.000000
0.000000 0.000000 -1.000000 0.000000
0.308988 0.450664 0.006156 1.000000
Name: cylinder5
Parent: 
Sibling: cylinder2
Matrix:
-0.015339 0.999882 0.000000 0.000000
0.999882 0.015339 0.000000 0.000000
0.000000 0.000000 -1.000000 0.000000
0.308988 0.399337 -0.033859 1.000000
Name: cylinder4
Parent: 
Sibling: cylinder5
Matrix:
-1.000000 0.000000 0.000000 0.000000
0.000000 1.000000 0.000000 0.000000
0.000000 0.000000 -1.000000 0.000000
-0.000000 0.031658 -0.033859 1.000000
Name: bone_r_wrist
Parent: 
Sibling: cis_superbattledroid_r_forearm
Matrix:
0.873694 -0.486128 -0.018407 0.000000
0.466268 0.847593 -0.253339 0.000000
0.138757 0.212758 0.967202 0.000000
0.000000 -0.000000 -0.271097 1.000000
Name: hp_weapons
Parent: bone_r_wrist
Matrix:
-0.977879 0.126706 -0.166426 0.000000
0.099097 0.981328 0.164850 0.000000
0.184206 0.144712 -0.972176 0.000000
-0.008484 0.077870 -0.162355 1.000000
Name: cis_superbattledroid_r_hand
Parent: 
Sibling: hp_weapons
Matrix:
1.000000 0.000000 0.000000 0.000000
0.000000 1.000000 0.000000 0.000000
0.000000 0.000000 1.000000 0.000000
-0.283090 -0.070261 0.317069 1.000000
Name: sphere1
Parent: cis_superbattledroid_r_hand
Matrix:
1.000000 0.000000 0.000000 0.000000
0.000000 1.000000 0.000000 0.000000
0.000000 0.000000 1.000000 0.000000
-0.000000 0.000000 -0.000000 1.000000
Name: bone_l_forearm
Parent: 
Sibling: bone_r_forearm
Matrix:
0.859602 0.510756 -0.014572 0.000000
-0.474292 0.808193 0.349101 0.000000
0.190082 -0.293177 0.936972 0.000000
0.447759 -0.291329 -0.190397 1.000000
Name: cis_superbattledroid_l_forearmcap
Parent: bone_l_forearm
Matrix:
1.000000 0.000000 0.000000 0.000000
0.000000 0.999045 -0.043704 0.000000
0.000000 0.043704 0.999045 0.000000
-0.283090 -0.084195 0.056343 1.000000
Name: bone_l_wrist
Parent: 
Sibling: cis_superbattledroid_l_forearmcap
Matrix:
0.984863 0.173226 0.006136 0.000000
-0.171228 0.977787 -0.120886 0.000000
-0.026940 0.118005 0.992648 0.000000
-0.000000 -0.000000 0.271097 1.000000
Mesh: cis_1st_weap_inf_fusioncutter
Model cis_1st_weap_inf_fusioncutter
Model wire
Model fx
Model torchneck
Model tip
Model hp_fire
Model fx1
Model tube1
Model tube2
Model dial
Root cis_1st_weap_inf_fusioncutter
Matrix:
1.000000 0.000000 0.000000 0.000000
0.000000 1.000000 0.000000 0.000000
0.000000 0.000000 1.000000 0.000000
0.000000 0.000000 0.000000 1.000000
Name: dial
Parent: cis_1st_weap_inf_fusioncutter
Matrix:
1.000000 0.000000 0.000000 0.000000
0.000000 1.000000 0.000000 0.000000
0.000000 0.000000 1.000000 0.000000
0.000000 0.000000 0.000000 1.000000
Name: tube2
Parent: 
Sibling: dial
Matrix:
1.000000 0.000000 0.000000 0.000000
0.000000 1.000000 0.000000 0.000000
0.000000 0.000000 1.000000 0.000000
0.000000 0.000000 0.000000 1.000000
Name: tube1
Parent: 
Sibling: tube2
Matrix:
1.000000 0.000000 0.000000 0.000000
0.000000 1.000000 0.000000 0.000000
0.000000 0.000000 1.000000 0.000000
0.000000 0.000000 0.000000 1.000000
Name: fx1
Parent: 
Sibling: tube1
Matrix:
1.000000 0.000000 0.000000 0.000000
0.000000 1.000000 0.000000 0.000000
0.000000 0.000000 1.000000 0.000000
-0.017226 -0.002229 0.001426 1.000000
Name: torchneck
Parent: 
Sibling: fx1
Matrix:
1.000000 0.000000 0.000000 0.000000
0.000000 1.000000 0.000000 0.000000
0.000000 0.000000 1.000000 0.000000
0.000000 0.000000 0.000000 1.000000
Name: tip
Parent: torchneck
Matrix:
1.000000 0.000000 0.000000 0.000000
0.000000 1.000000 0.000000 0.000000
0.000000 0.000000 1.000000 0.000000
0.000000 0.000000 0.000000 1.000000
Name: hp_fire
Parent: tip
Matrix:
1.000000 0.000000 0.000000 0.000000
0.000000 1.000000 0.000000 0.000000
0.000000 0.000000 1.000000 0.000000
0.015567 0.303537 0.318274 1.000000
Name: fx
Parent: 
Sibling: torchneck
Matrix:
1.000000 0.000000 0.000000 0.000000
0.000000 1.000000 0.000000 0.000000
0.000000 0.000000 1.000000 0.000000
0.000000 0.000000 0.000000 1.000000
Name: wire
Parent: 
Sibling: fx
Matrix:
1.000000 0.000000 0.000000 0.000000
0.000000 1.000000 0.000000 0.000000
0.000000 0.000000 1.000000 0.000000
0.000000 0.000000 0.000000 1.000000
Mesh: cis_1st_weap_inf_launcher
Model cis_1st_weap_launcher
Model hp_fire
Model hp_active
Model lighting
Root cis_1st_weap_launcher
Matrix:
1.000000 0.000000 0.000000 0.000000
0.000000 1.000000 0.000000 0.000000
0.000000 0.000000 1.000000 0.000000
0.000000 0.000000 0.000000 1.000000
Name: lighting
Parent: cis_1st_weap_launcher
Matrix:
1.000000 0.000000 0.000000 0.000000
0.000000 1.000000 0.000000 0.000000
0.000000 0.000000 1.000000 0.000000
0.000000 0.000000 0.048065 1.000000
Name: hp_active
Parent: 
Sibling: lighting
Matrix:
1.000000 0.000000 0.000000 0.000000
0.000000 1.000000 0.000000 0.000000
0.000000 0.000000 1.000000 0.000000
-0.003037 0.001116 -0.019019 1.000000
Name: hp_fire
Parent: 
Sibling: hp_active
Matrix:
1.000000 0.000000 0.000000 0.000000
0.000000 1.000000 0.000000 0.000000
0.000000 0.000000 1.000000 0.000000
0.010833 0.077049 0.635129 1.000000
Mesh: cis_1st_weap_inf_pistol
Model cis_1st_weap_inf_pistol
Model hp_fire
Model hp_active
Model scope
Model lens
Model stand2
Model stand1
Root cis_1st_weap_inf_pistol
Matrix:
1.000000 0.000000 0.000000 0.000000
0.000000 1.000000 0.000000 0.000000
0.000000 0.000000 1.000000 0.000000
0.000000 0.000000 0.000000 1.000000
Name: stand1
Parent: cis_1st_weap_inf_pistol
Matrix:
1.000000 0.000000 0.000000 0.000000
0.000000 1.000000 0.000000 0.000000
0.000000 0.000000 1.000000 0.000000
0.000000 0.000000 0.000000 1.000000
Name: stand2
Parent: 
Sibling: stand1
Matrix:
1.000000 0.000000 0.000000 0.000000
0.000000 1.000000 0.000000 0.000000
0.000000 0.000000 1.000000 0.000000
0.000000 0.000000 0.000000 1.000000
Name: lens
Parent: 
Sibling: stand2
Matrix:
1.000000 0.000000 0.000000 0.000000
0.000000 1.000000 0.000000 0.000000
0.000000 0.000000 1.000000 0.000000
0.000000 0.000000 0.000000 1.000000
Name: scope
Parent: 
Sibling: lens
Matrix:
1.000000 0.000000 0.000000 0.000000
0.000000 1.000000 0.000000 0.000000
0.000000 0.000000 1.000000 0.000000
0.000000 0.000000 0.000000 1.000000
Name: hp_active
Parent: 
Sibling: scope
Matrix:
1.000000 0.000000 0.000000 0.000000
0.000000 1.000000 0.000000 0.000000
0.000000 0.000000 1.000000 0.000000
-0.000230 -0.005192 -0.005795 1.000000
Name: hp_fire
Parent: 
Sibling: hp_active
Matrix:
1.000000 0.000000 0.000000 0.000000
0.000000 1.000000 0.000000 0.000000
0.000000 0.000000 1.000000 0.000000
0.010311 0.038662 0.260150 1.000000
Mesh: cis_1st_weap_inf_rifle
Model cis_1st_weap_inf_rifle
Model hp_fire
Model hp_active
Root cis_1st_weap_inf_rifle
Matrix:
1.000000 0.000000 0.000000 0.000000
0.000000 1.000000 0.000000 0.000000
0.000000 0.000000 1.000000 0.000000
0.000000 0.000000 0.000000 1.000000
Name: hp_active
Parent: cis_1st_weap_inf_rifle
Matrix:
1.000000 0.000000 0.000000 0.000000
0.000000 1.000000 0.000000 0.000000
0.000000 0.000000 1.000000 0.000000
0.000000 0.000000 0.000000 1.000000
Name: hp_fire
Parent: 
Sibling: hp_active
Matrix:
1.000000 0.000000 0.000000 0.000000
0.000000 1.000000 0.000000 0.000000
0.000000 0.000000 1.000000 0.000000
0.000000 0.049531 0.355297 1.000000
Mesh: cis_1st_weap_inf_sniperrifle
Model cis_1st_weap_inf_sniperrifle
Model scope_trim
Model hp_fire
Model hp_active
Model scroll
Model scopebracket
Root cis_1st_weap_inf_sniperrifle
Matrix:
1.000000 0.000000 0.000000 0.000000
0.000000 1.000000 0.000000 0.000000
0.000000 0.000000 1.000000 0.000000
0.000000 0.000000 0.000000 1.000000
Name: scopebracket
Parent: cis_1st_weap_inf_sniperrifle
Matrix:
1.000000 0.000000 0.000000 0.000000
0.000000 1.000000 0.000000 0.000000
0.000000 0.000000 1.000000 0.000000
0.000000 0.000000 0.000000 1.000000
Name: scroll
Parent: 
Sibling: scopebracket
Matrix:
1.000000 0.000000 0.000000 0.000000
0.000000 1.000000 0.000000 0.000000
0.000000 0.000000 1.000000 0.000000
0.000000 0.000000 0.000000 1.000000
Name: hp_active
Parent: 
Sibling: scroll
Matrix:
1.000000 0.000000 0.000000 0.000000
0.000000 1.000000 0.000000 0.000000
0.000000 0.000000 1.000000 0.000000
-0.000000 -0.000000 -0.012384 1.000000
Name: hp_fire
Parent: 
Sibling: hp_active
Matrix:
1.000000 0.000000 0.000000 0.000000
0.000000 1.000000 0.000000 0.000000
0.000000 0.000000 1.000000 0.000000
-0.000000 0.044517 1.337016 1.000000
Name: scope_trim
Parent: 
Sibling: hp_fire
Matrix:
1.000000 0.000000 0.000000 0.000000
0.000000 1.000000 0.000000 0.000000
0.000000 0.000000 1.000000 0.000000
0.000000 0.000000 0.000000 1.000000
Mesh: cis_1st_weap_inf_sonicblaster
Model cis_1st_weap_inf_sonicblaster
Root cis_1st_weap_inf_sonicblaster
Matrix:
1.000000 0.000000 0.000000 0.000000
0.000000 1.000000 0.000000 0.000000
0.000000 0.000000 1.000000 0.000000
0.000000 0.000000 0.000000 1.000000
Mesh: cis_1st_weap_inf_thermaldetonator
Model cis_1st_weap_inf_thermaldetonator
Model cis_weap_inf_thermaldetonator_control
Root cis_1st_weap_inf_thermaldetonator
Matrix:
1.000000 0.000000 0.000000 0.000000
0.000000 1.000000 0.000000 0.000000
0.000000 0.000000 1.000000 0.000000
0.000000 0.000000 0.000000 1.000000
Name: cis_weap_inf_thermaldetonator_control
Parent: cis_1st_weap_inf_thermaldetonator
Matrix:
1.000000 0.000000 0.000000 0.000000
0.000000 1.000000 0.000000 0.000000
0.000000 0.000000 1.000000 0.000000
0.000000 0.000000 0.000000 1.000000
Mesh: cis_bldg_forwardcenter
Model geo_bldg_forwardcenter
Model foot02
Model foot03
Model foot01
Model foot04
Model collision_04
Model collision_05
Model collision_06
Model collision_01
Model collision_02
Model collision_03
Model Chair_base16_opt10
Model Chair_hub26
Model polymsh360
Model polymsh361
Model polymsh362
Model polymsh363
Model polymsh359
Model Chair_base16_opt9
Model Chair_hub25
Model polymsh354
Model polymsh355
Model polymsh356
Model polymsh357
Model polymsh358
Model geo_blg_forwardcenter_LOD3
Model backend_LOD3
Model ramp_LOD3
Model shadowvolume
Root geo_bldg_forwardcenter
Matrix:
1.000000 0.000000 0.000000 0.000000
0.000000 1.000000 0.000000 0.000000
0.000000 0.000000 1.000000 0.000000
0.000000 0.000000 0.000000 1.000000
Name: shadowvolume
Parent: geo_bldg_forwardcenter
Matrix:
0.401030 0.000000 0.916065 0.000000
0.000000 1.000000 0.000000 0.000000
-0.916065 0.000000 0.401030 0.000000
0.031748 1.379589 -0.326167 1.000000
Name: ramp_LOD3
Parent: 
Sibling: shadowvolume
Matrix:
1.000000 0.000000 0.000000 0.000000
0.000000 1.000000 0.000000 0.000000
0.000000 0.000000 1.000000 0.000000
0.000000 0.000000 0.000000 1.000000
Name: geo_blg_forwardcenter_LOD3
Parent: 
Sibling: ramp_LOD3
Matrix:
1.000000 0.000000 0.000000 0.000000
0.000000 1.000000 0.000000 0.000000
0.000000 0.000000 1.000000 0.000000
0.000000 0.000000 0.000000 1.000000
Name: backend_LOD3
Parent: geo_blg_forwardcenter_LOD3
Matrix:
1.000000 0.000000 0.000000 0.000000
0.000000 1.000000 0.000000 0.000000
0.000000 0.000000 1.000000 0.000000
0.000000 0.000000 0.000000 1.000000
Name: Chair_base16_opt9
Parent: 
Sibling: geo_blg_forwardcenter_LOD3
Matrix:
1.000000 0.000000 0.000000 0.000000
0.000000 1.000000 0.000000 0.000000
0.000000 0.000000 1.000000 0.000000
0.000000 0.000000 0.000000 1.000000
Name: Chair_hub25
Parent: Chair_base16_opt9
Matrix:
1.000000 0.000000 0.000000 0.000000
0.000000 1.000000 0.000000 0.000000
0.000000 0.000000 1.000000 0.000000
0.000000 0.000000 0.000000 1.000000
Name: polymsh355
Parent: Chair_hub25
Matrix:
1.000000 0.000000 0.000000 0.000000
0.000000 1.000000 0.000000 0.000000
0.000000 0.000000 1.000000 0.000000
0.000000 0.000000 0.000000 1.000000
Name: polymsh358
Parent: polymsh355
Matrix:
1.000000 0.000000 0.000000 0.000000
0.000000 1.000000 0.000000 0.000000
0.000000 0.000000 1.000000 0.000000
0.000000 0.000000 0.000000 1.000000
Name: polymsh357
Parent: 
Sibling: polymsh358
Matrix:
1.000000 0.000000 0.000000 0.000000
0.000000 1.000000 0.000000 0.000000
0.000000 0.000000 1.000000 0.000000
0.000000 0.000000 0.000000 1.000000
Name: polymsh356
Parent: 
Sibling: polymsh357
Matrix:
1.000000 0.000000 0.000000 0.000000
0.000000 1.000000 0.000000 0.000000
0.000000 0.000000 1.000000 0.000000
0.000000 0.000000 0.000000 1.000000
Name: polymsh354
Parent: 
Sibling: polymsh355
Matrix:
1.000000 0.000000 0.000000 0.000000
0.000000 1.000000 0.000000 0.000000
0.000000 0.000000 1.000000 0.000000
0.000000 0.000000 0.000000 1.000000
Name: Chair_base16_opt10
Parent: 
Sibling: Chair_base16_opt9
Matrix:
1.000000 0.000000 0.000000 0.000000
0.000000 1.000000 0.000000 0.000000
0.000000 0.000000 1.000000 0.000000
0.000000 0.000000 0.000000 1.000000
Name: Chair_hub26
Parent: Chair_base16_opt10
Matrix:
1.000000 0.000000 0.000000 0.000000
0.000000 1.000000 0.000000 0.000000
0.000000 0.000000 1.000000 0.000000
0.000000 0.000000 0.000000 1.000000
Name: polymsh359
Parent: Chair_hub26
Matrix:
1.000000 0.000000 0.000000 0.000000
0.000000 1.000000 0.000000 0.000000
0.000000 0.000000 1.000000 0.000000
0.000000 0.000000 0.000000 1.000000
Name: polymsh360
Parent: 
Sibling: polymsh359
Matrix:
1.000000 0.000000 0.000000 0.000000
0.000000 1.000000 0.000000 0.000000
0.000000 0.000000 1.000000 0.000000
0.000000 0.000000 0.000000 1.000000
Name: polymsh363
Parent: polymsh360
Matrix:
1.000000 0.000000 0.000000 0.000000
0.000000 1.000000 0.000000 0.000000
0.000000 0.000000 1.000000 0.000000
0.000000 0.000000 0.000000 1.000000
Name: polymsh362
Parent: 
Sibling: polymsh363
Matrix:
